-1546.0000000000 586.0000000000
-144.5634343931 -2594.5853856768
-4153.9163066956 -3975.7838222176
-3601.8253082950 -916.7555371064
-6398.0170952659 1887.7404743077
737.5320941389 3305.3703095566
764.6584916840 2428.5467713436
4507.6699093286 -4510.3227450139
-1828.0000000000 4054.0000000000
1790.9590627853 1072.9770284980
4053.7057910241 -4515.8717291330
1955.4059238069 3350.4612542091
-3898.4957415795 4047.0423484353
1892.9613685647 1453.1108112334
3074.5944119436 293.7111070245
-3234.6764786735 3259.3274300598
5078.0000000000 2822.0000000000
-6918.2240975242 950.2830765677
2537.1221571955 5941.5443503840
4148.8616516649 3847.9454051045
212.0170952659 -1005.7404743077
804.3255581387 1408.3668423096
967.8154629332 -2428.2839281210
328.7234745212 1362.3339937783
-2384.0000000000 -2146.0000000000
-285.8155355176 -5950.0156860055
4079.0883584759 -2345.8887990334
-237.0588650321 -2378.7084122835
-1491.5042584205 -1573.0423484353
1602.8249838073 9786.4930035170
-123.0683665608 490.0260497528
-4467.1003073212 -694.2813887480
-2594.0000000000 -3119.0000000000
-821.2465003655 -1556.3234901365
-2591.9376084229 1575.7905434785
458.9255614475 5492.0880614076
1201.7888886055 4598.1181079436
-185.2322683093 -126.7592281875
471.2447522967 5345.0210858369
-2248.8227512307 1364.3613733354
758.0000000000 3239.0000000000
-2621.4110485477 320.6496413878
9452.1226139829 1322.1019256840
-4922.0631266767 4801.2857239542
-307.7972567697 2763.3544725076
-5440.3657578317 3155.5165355729
1145.4849442331 3875.5936588240
3277.3932148344 -943.8891810481
338.0000000000 -5231.0000000000
3375.1352500611 -259.5896351163
428.9353061211 3597.1556326523
-1151.2175926530 4012.6595871072
766.2111113945 1947.8818920564
-1135.4051734841 346.6307968475
-2329.7736075956 2404.5734277024
191.2939565721 2604.2949717525
1590.0000000000 -2633.0000000000
-4257.6123351592 65.3770487890
-1625.1203116811 3980.9518981851
1390.2349578976 -5195.4188050710
2039.7972567697 1538.6455274924
-601.8621663636 -3713.5016691569
4265.0439110658 -821.1881723633
-2315.7442201912 -4543.3817314379
-3097.0000000000 -4355.0000000000
645.1810928331 5023.6001121007
1637.5635101394 945.1132078459
-605.9324485672 4070.4384225888
-3043.7063453598 -315.7226611668
5027.5583228769 7280.8753593798
210.6701316563 3969.4546181482
-4310.9261868839 -4079.2303337726
-3323.0000000000 -965.0000000000
-9301.7260140817 3239.2739582435
-5433.7053413607 4345.1206875078
-2483.9862838724 1178.6041847368
-305.0971875331 1384.7655788003
-2024.5878065524 -3151.3395750873
-418.8848946441 -3709.1250234081
2804.6788297861 2749.4145782727
533.0000000000 3103.0000000000
-1997.1036217225 -218.1961139845
-3087.9581774573 -2582.1297954975
505.0446407340 -2455.8908720396
2867.7063453598 -9604.2773388332
3643.0579653251 -570.7832156883
-298.8871602365 -734.5885342845
-2705.4686896649 -3136.9239270949
99.0000000000 2429.0000000000
2618.0525936818 -4143.0580409741
-5887.8999913214 4567.8959001438
-507.4875234768 1565.5056881617
-2434.9028124669 -7244.7655788003
1157.5674676398 3363.6275160103
-1456.8980767757 -1665.7410604556
2624.0776619452 -3483.9177408530
876.0000000000 -68.0000000000
2436.7778001341 786.4087409208
1701.8787719100 -1088.5401086257
326.1239129840 2176.2985506065
-1702.4238072159 -3527.9582207629
-4347.7454516044 1816.7502584642
-278.4048508007 1372.8080869635
-2753.0872189584 -899.2843513197
8056.0000000000 5172.0000000000
311.7388931964 379.6510630677
-2836.8983858304 -2604.4694383552
3312.2766200302 1065.4018249633
2634.9519446397 -3792.6277759355
4377.9931832069 -1166.4249357691
-3118.4781953240 -2546.9791915948
2170.8255954153 -1440.8041113721
2968.0000000000 1816.0000000000
2711.6744885289 6168.3937233698
-1030.3662940021 -4292.7487056413
-1641.2703054805 -1872.6510666844
1844.4238072159 3149.9582207629
-3512.5801500701 466.5575017442
-578.1969540903 455.5303670906
-2878.1242504847 4444.3103058508
-2420.0000000000 -5348.0000000000
4077.1020267504 138.2411323069
-2722.6140920775 1021.7582526222
4928.3280675676 7221.3071069864
-2608.9519446397 -961.3722240645
-1246.9607901422 4466.4225158955
511.0800002151 1402.6407375407
7070.9275789266 -1942.5782590309
2932.0000000000 819.0000000000
-3590.1141212648 2086.6165611135
-6629.8625406917 2538.0331844674
-3750.4487568785 -1011.1256504739
1876.8858223314 2375.6339469283
856.4160490399 1194.5844853829
-3715.0705389515 3618.9323965181
1211.5155122030 1842.1914643009
-1043.0000000000 -2010.0000000000
2374.7478108522 955.7011945727
-843.8892580967 4664.3279689093
762.2390291913 -4630.5655786147
-2483.1107114615 6163.5560953790
1428.3987534793 -3554.2569424800
-7160.1029020395 1794.3701514351
-2782.0177101227 -110.0403592075
2080.0000000000 -5191.0000000000
2859.4861168629 -1538.6926311008
-675.1217997924 1902.7957502716
1114.1256135954 6548.0903360954
1601.1141776686 2866.3660530717
5640.8860607346 -2018.2398361424
5130.8453524678 1196.5051884334
-900.8359736295 -2703.6507430821
-189.0000000000 -770.0000000000
5724.9685053044 -2007.7345054273
-1927.1264014192 3710.8430963517
-3029.8838490013 -1597.6271034065
1857.1107114615 4162.4439046210
-454.7891750084 1826.0216740814
-811.6719114768 -5025.8077363865
1063.3061346423 -3057.2723656115
1989.0000000000 8020.0000000000
491.4878583631 -2084.8002006130
-3807.7404107417 -462.3903298806
2477.5938510242 -3756.3825717199
-4060.7521600022 -2836.6020151518
-2291.7700339155 -1180.1618533641
816.4777262854 -1408.6727489663
2784.7370308204 1466.6170424661
-755.0000000000 1412.0000000000
2609.2828593183 1518.8974486451
896.0118967589 -1984.1769645055
741.9632542560 2671.5667649291
-4220.6147160749 -3571.1567799111
202.5691517504 -1336.1072262679
121.6828915259 8968.0574748028
1515.3931658666 2479.4382658014
-2961.0000000000 -1510.0000000000
-2515.2096360745 -2961.0957095281
-3426.7670165324 -2178.4435068156
-2402.5094380715 5486.3795827577
2854.7521600022 4924.6020151518
1794.0447566297 2443.5788120467
1779.5496189251 5147.3738334315
1114.1658178297 4093.9581494577
-2913.0000000000 4158.0000000000
1264.0149625004 -2541.4774364854
-1701.5044694849 1937.0108012016
-1202.1290465491 -244.9429940297
-317.3852839251 -196.8432200889
-1034.4199185719 -10.8338344331
2986.2897632637 -1826.7585592679
3330.7853648236 291.3657603375
-181.0000000000 -3165.0000000000
3277.7113147285 -3331.7600732542
185.0544528525 345.3092559098
2474.1878969708 -648.2347767389
-1761.1207075989 1988.1959594929
-4472.1273766292 -1035.0466696081
-4246.2697440842 -1760.8994657709
46.9810758351 -1010.7231715638
-5065.0000000000 3359.0000000000
888.8907344151 3943.3709961599
7777.2129259004 -171.1673626826
4083.9896910840 1810.8808872720
-2658.2419843961 -269.1886681412
-94.5390012147 4604.0038746188
-3699.3841588613 4222.0577523667
576.7654717379 3394.4311867126
4813.0000000000 2009.0000000000
-892.1781280669 657.5406384126
-1387.0950681843 -1873.5578137826
-1320.5288310679 166.9011743155
-2572.8792924011 1829.8040405071
729.7151919196 -1707.2755384896
-8605.4681305682 -275.3362425020
6766.4235578665 -564.1698191684
-4463.0000000000 4601.0000000000
1396.4547150333 2393.8601243762
-1051.1723105686 -2700.5840794446
-4780.6200376103 3258.9094258260
8016.2419843961 6335.1886681412
-2969.9274501857 -2220.6933522156
-2796.8779664863 2982.1779559062
-1327.1988248161 3872.0050933451
3497.0000000000 -465.0000000000
4198.6860572577 3284.9604535331
-2457.1603061058 1092.9572332508
-4528.2351932212 1213.1206742571
1225.5127317151 -138.1998897679
3274.5973133505 -4066.2948864365
1870.5135640182 -4727.0754826161
-4075.5059211309 5101.8481484861
-162.0000000000 -3898.0000000000
-5485.0168363433 -1401.8419216712
4395.0487242469 2638.0468409483
-2839.6157086116 -4355.3295419098
6968.6653275441 -866.1664171110
-848.4336209867 -4890.8542213010
4595.2920499817 -1660.9872206081
-2908.5936319660 2095.7552276554
1655.0000000000 1739.0000000000
5934.4730000209 631.1522361569
-1599.6373096014 -2559.7078088262
-713.0989212632 4554.2319032134
-3035.5127317151 2946.1998897679
1662.9169625788 -1201.9084468632
4629.1445157206 -4481.5260249214
4449.4368902062 -1512.4579061392
5202.0000000000 -2240.0000000000
186.0486879238 -3027.7774158339
-3318.2511085397 -1607.2962653728
-496.4537815844 -510.8884015494
289.3346724559 -5429.8335828890
388.7284361983 -5735.4357975842
261.0498702795 4153.5887281456
-1703.9337324289 -1746.2801040137
859.0000000000 -1232.0000000000
2178.5645609782 2510.4185952844
3797.3374374647 -2575.2159882829
-2826.8166713224 -7412.1528720497
-3006.1017305527 -1998.8536802942
-2919.4031840554 -1796.6306159424
-6384.6097188085 -3402.2827206326
-2248.4574177405 -806.0354632089
3173.0000000000 -5936.0000000000
-4791.7783810785 -571.8998625525
472.1000517964 -2351.8431909133
3887.6500507370 3784.0851317312
3569.8728676011 -509.5643584128
-1953.5281737625 799.8775562791
-3101.6852577272 -1414.7321840890
-92.9188775713 1486.2297900722
-4309.0000000000 1840.0000000000
7012.7045102877 -1006.0514597015
5214.7167453419 5430.6149012668
246.4658537769 1002.9633531214
-1393.8982694473 -2983.1463197058
6487.2297700249 6253.8797634029
-930.0053562039 1736.4884224557
-125.9316524931 -1357.3476926059
-6951.0000000000 764.0000000000
4092.9448027230 -1442.9818429794
5623.8457653969 -2115.5557220706
-167.8106342870 2082.1473919234
-2533.8728676011 -1352.4356415872
-690.7339051175 941.3878662094
2476.3003327396 2772.5264822658
1479.8193489003 5180.1103610162
1052.0000000000 2080.0000000000
-6651.0113769457 -6204.0928236228
2818.7324233204 2415.3720973213
-7658.6498777109 9118.5846921772
-44.7030278294 -2408.8909780956
17.4841077703 -1026.0110071174
-756.7118369355 1377.1406669607
1338.2147752797 487.4273178374
-2304.0000000000 -2.0000000000
-2044.8054215040 6790.0891274271
-1308.1829661412 1750.6249390644
4863.3165899932 -1379.0584232452
-2687.2875887778 5997.2752467922
1004.9991750358 -677.9775401211
-708.2565019324 6152.8544107150
7915.6536085396 6903.8892365508
-772.0000000000 876.0000000000
-5330.0966296150 -1368.8569404288
3168.8990290829 -7219.5459724983
1187.5493951471 3763.9606061655
3756.7030278294 2424.8909780956
-3344.8709961728 -4799.2377673852
229.7430072906 1715.1091164014
3144.0823046007 1766.8912360311
4672.0000000000 342.0000000000
-2014.0476026142 1381.3348015025
-431.4484862621 3429.5489361127
-2313.3309594266 4349.9073461901
-520.7124112222 -2813.2752467922
-989.6512559544 -1191.2478502542
2523.2253315773 -3349.1041940771
459.1641635771 -3611.6020117068
7049.0000000000 2422.0000000000
-219.8076480982 -888.5358801290
-2891.0882998808 4632.7930668106
-5095.6544769639 2706.2529211623
-553.0190821766 2813.1070349937
1734.3801857890 -1108.8558317139
3265.7756804014 1544.1581947616
-343.3990046324 38.6959076188
1622.0000000000 -4603.0000000000
1689.9285058830 676.0454327467
-983.9885522156 3506.3906999364
-5428.8453316921 -4088.9565103243
240.0413767532 9075.2249942605
-2267.1426110675 -806.4026847018
-7487.4608070917 195.3216520484
-2250.6349173231 904.0422633616
-3651.0000000000 -92.0000000000
-2495.1182954274 1529.4325434335
414.5981165495 7177.8737400298
470.4222814378 -4059.7373697811
1779.0190821766 3368.8929650063
-138.6190881314 200.1106010672
2449.4133466773 649.4784569524
2266.3462903331 3488.8277270909
4108.0000000000 -3575.0000000000
4698.7483721555 -7664.4104924202
5052.4787355470 1962.9424932232
-1648.0197218987 5883.8204743593
-1778.0413767532 254.7750057395
-938.3694211031 -1713.3836882824
3812.2717800130 1195.0416962376
2733.7848807393 5287.0545865124
3205.0000000000 875.0000000000
-612.7140754329 -1365.8940238180
3032.5618266753 741.2727541611
-1627.6651187419 -873.1015789692
272.3339110345 1454.3090168026
5022.0402941541 -717.3828682718
736.7325459076 -1847.0196613114
-4232.7016461102 2467.8609782449
1937.0000000000 3127.0000000000
8897.6163634494 763.2286332746
883.3438855935 356.0060985922
3874.5166230571 4444.3236836297
4870.1456634148 4494.5011511509
20.3918826919 581.8030456222
-1446.5960023323 2382.6841311624
793.9324264051 -1404.5796905277
-2621.0000000000 -63.0000000000
-5246.4264278693 4377.1635497243
-1974.4696897761 -179.2025529010
2395.9516806888 -1947.5781397268
1041.6660889655 -1552.3090168026
-1038.1112298413 645.9876262536
-126.4310307174 6037.0780282002
-2327.8601698728 -1525.4037591430
7579.0000000000 3621.0000000000
-1414.8517606795 -49.0625175938
2106.5639775074 -962.0762998522
-410.2154552020 -2995.3217395937
-6780.1456634148 -500.5011511509
-315.9450464722 2372.1565548088
2116.2944871422 -2064.7424980511
2798.0416597760 3881.8002460857
-745.0000000000 5601.0000000000
814.3630015261 -4152.8979912117
1266.3802640474 5019.0896193774
-6712.8750325677 -1033.3871051688
-1603.0650019494 -1272.5455300433
1514.6008000677 -3273.7531851094
-1998.2750640693 -2116.2353090787
8967.3995257191 -2988.4038859068
-4215.0000000000 -2537.0000000000
2335.2854895759 709.5463136435
-1613.1019280563 -2386.5277173784
260.4176232640 -1407.5216443451
-2516.7824638055 3049.8986283848
5513.7474425274 -4484.3806059899
-2722.4418802690 -904.5609461923
-3433.1974346860 -3316.6491231565
5271.0000000000 297.0000000000
3030.3008016061 526.0641769286
-4507.4828611519 2532.3895961344
-2772.3972564141 -4867.5932854532
6489.0650019494 -6417.4544699567
-1282.9690571076 209.8015285520
-3605.7475894448 1477.7837977149
3444.0555013431 2124.4204698472
-1115.0000000000 -1061.0000000000
-1225.5026833014 -1167.2869590410
-1169.7954748392 1843.0485018666
2198.9618929347 -3861.6011313356
3210.7824638055 1876.1013716152
-83.8257948942 2224.9067222279
-409.5354662170 6087.0124575561
2759.6351804069 5766.7357055189
6127.0000000000 5944.0000000000
4147.9767351221 777.2951925811
-2848.7306475673 -2583.3868908181
3475.1565148773 -4599.2421486808
5388.7782797234 -3262.8540392317
1180.3385461762 -8026.4036230422
7392.5501913452 -1463.6818500403
-3900.7104799408 3256.3831814657
211.0000000000 -2612.0000000000
-856.3208802198 3874.3041972502
4074.3067937388 1127.6945609079
1049.5084397070 -2402.0594351474
379.2450916657 -3619.6546135317
-746.0352114131 -2267.4800512612
3441.1711450471 -2962.5915519976
2001.7058947883 -5154.0862343155
2959.0000000000 4960.0000000000
-438.8620952816 -813.8351829211
-1398.1329853179 1799.9150282420
10101.0304370110 -3079.6805011138
617.2217202766 -1461.1459607683
952.3355968377 3951.6396480568
-3838.8403797784 5776.4622218047
-30.3132269374 -3138.4951207859
-1613.0000000000 6036.0000000000
-6600.3109292251 2451.3659456654
-2975.4431608537 -3608.2226983317
2926.7129663655 -1850.0724568021
-2893.2450916657 2639.6546135317
-1887.1217619965 3173.1138736711
-1182.8809566140 2025.8111802332
1888.9094541292 -1192.7472846202
-1281.0000000000 -5467.0000000000
286.8044957145 -10292.0602973342
3535.8280539096 1476.9138578596
-4454.2378268031 -3428.2668412596
1396.2492757478 -16.8968952813
706.9602842865 465.4381624052
-2280.3349429057 3834.6869220053
-5914.2221865300 -248.5805178262
-4853.0000000000 -1347.0000000000
-2185.2446455670 -966.4216012400
890.5115461994 1070.2140083533
-2277.1826384164 -1351.1615313602
-4379.0151519016 -4637.7265478953
3258.1555421021 -1617.4286708737
49.0269447183 -2898.8544354011
6149.1788795472 -3685.2697439597
-1875.0000000000 -2757.0000000000
-333.0796389437 -2090.5473190078
-3352.5958734277 -994.6404057549
3878.6814521242 1151.8339851260
-2832.2492757478 3464.8968952813
2112.0930164032 1369.5575619967
5143.3591808465 -3622.1284807781
779.5012585473 3154.6833463466
-2179.0000000000 -3145.0000000000
-3401.1561040834 -769.6937154294
1674.2562733188 4531.5125395420
4485.5144829026 -2233.4820898893
-4972.9848480984 481.7265478953
2115.4670500879 2125.1558794833
-4076.0511826591 2602.2959941739
1896.7665786281 -2479.7566071775
-3130.0000000000 2064.0000000000
1258.8540794894 -2607.6201533345
-2270.2635224855 3300.4599304681
-58.4903489593 -1347.3454521756
2069.8523061281 5754.1592308897
-1356.6467610518 4014.1179056160
1013.0033871528 -4449.7815069257
1702.6194794898 3041.0418679060
1542.0000000000 2930.0000000000
-3337.6497842310 3624.0610127952
-711.8816319892 6119.8433663914
-1153.8912275961 -1961.2372029904
-3686.0331137194 -5411.0970388563
5945.2048800759 2527.6615083495
-391.4047989500 3057.8759508633
-768.4216754331 -1492.3515214604
2966.0000000000 380.0000000000
-1497.9678579536 -1599.9829197767
-8864.0401463296 410.3731883530
327.2843081903 39.8293569243
-2039.8523061281 -884.1592308897
237.6389014759 -1842.5874882463
2632.1105367087 1412.6038066040
220.5630472507 -1864.5190788187
3774.0000000000 1950.0000000000
-3582.0126249872 1557.4521641346
6234.1853008043 569.3235147874
1773.0056390801 -3372.9986514998
1176.0331137194 -814.9029611437
-7691.4208328176 590.8979704621
2342.2908750885 2059.3017494584
1741.3307779775 -8922.4193178854
-2008.0000000000 -4703.0000000000
-2093.6390504315 -2493.1551538936
-745.0820206148 -3160.6281183350
-4440.4919158101 1662.7962324677
1512.7112908633 6925.2864684189
1359.3113261300 305.1307641424
312.6937395008 960.6544644987
-2010.8987999087 -3769.3471221030
5855.0000000000 -5268.0000000000
-1703.5975094673 651.7179391653
3909.5159522555 -1404.6506556505
4053.5053570494 -341.0183015733
176.1809127216 1690.2789668064
-1844.0578936756 -1526.9375092760
1904.5213304004 6149.2490090137
-437.6197280027 -3864.8047782035
-1266.0000000000 -1847.0000000000
-4763.4846071915 3621.4802661447
-4995.5111187585 -1725.2334225091
-3209.1636061484 4846.4338415706
555.2887091367 1634.7135315811
-1458.9762033491 -2079.5199838144
-5376.2532575405 -6470.3745875940
-2623.1534711277 3350.3066083355
-3277.0000000000 -2994.0000000000
2484.6901454121 1067.1922979190
139.0771871177 1386.5121964946
-443.8794210192 1032.7696094262
-5332.1809127216 -534.2789668064
251.7537925730 -305.9086203875
1899.0381876393 -1247.5288859183
-5728.2984150326 6274.8639100797
-2628.0000000000 5946.0000000000
1571.4076956271 909.8262667499
5166.1652805963 309.3224219134
-5614.3077811047 -2210.2498406590
3361.6783874047 700.9816356984
-1047.9607148316 3764.5520221198
989.5669762498 5026.8372803140
4882.8861186773 6404.8137924173
379.0000000000 -287.0000000000
5116.3991283770 2016.5950065174
-730.7183800756 -436.5230010962
-4801.8482687828 384.5799173433
2971.1519830844 -2394.6165543088
-1885.3469787539 -2946.0622460981
1299.5740279275 -37.8491896507
321.7476134122 -2872.9208756124
4120.0000000000 -1404.0000000000
238.1412290964 -2107.9004676689
-3561.0737999882 4197.1182703077
-3713.6330246835 -1686.8882715771
-2245.6783874047 -2538.9816356984
-1602.8846416313 -2135.0697706074
7260.0881448961 4952.2507340871
1027.2299822312 541.5331001598
2401.0000000000 533.0000000000
3029.5646350681 3495.5523542545
-6398.3731005325 4298.0823088751
-3081.8664670964 1138.3101446344
1368.8480169156 3956.6165543088
-1251.3203529518 5138.5068347327
4630.7708509266 -3333.2388247503
-2100.2081726533 -3851.1779667063
2150.0000000000 -1101.0000000000
-426.7120005778 422.1265390179
946.0100178076 575.3828009552
1397.7142811320 -1685.3135873646
1630.0365799265 -4429.0045430196
515.3178841966 2801.2508860759
-2488.9786124290 4675.0050740043
279.5373670655 173.7595978250
7732.0000000000 2229.0000000000
4627.1239494963 129.5820059780
1425.8479135795 -3104.0797550868
1125.6923081990 4359.5497041752
1129.7737367038 3762.1916267340
-2752.2577964662 1930.9067890376
-692.7207837542 -2360.5214533093
4546.5271116153 -2946.4662248584
-7100.0000000000 -1095.0000000000
-256.1546944811 -2570.0653219809
-1532.8374297038 -4147.7983886836
84.7766375794 -4015.4736319077
1383.9634200735 -686.9954569804
7220.4643021187 5651.0710150027
-1316.6664074492 -1934.5594798261
-11083.8383720535 2241.2843060060
2374.0000000000 3239.0000000000
-1306.9309936922 -5057.9968905547
5872.9794983166 -5559.5046571848
-5088.8419629402 -6085.7455998977
100.2262632962 -2166.1916267340
-5236.8506505944 1157.1249774235
-397.6341963676 -2071.9241408688
-5245.5673705974 -3993.5945639778
998.0000000000 -2957.0000000000
-2992.3335169661 -3420.7866863529
544.2961524783 3256.0762339483
-3035.3611671131 2091.3893326439
3107.9611793557 2424.3002897009
1248.8807166392 1146.9021222096
522.7165434943 -4297.0322569127
-730.7559242868 -4036.2469179969
718.0000000000 -6073.0000000000
8642.8777027383 2680.7821491711
33.3426382457 5015.1909049038
2938.0107035866 3782.0308733915
-4296.8807281511 -5885.7378746523
240.4817737733 1932.6291308718
4049.5306760593 195.9764309188
-99.1305177048 -3686.3166172700
-3188.0000000000 145.0000000000
-1117.8651491747 3811.9497198515
242.1034167967 -212.2737778680
-1648.1184029788 7001.4775558416
-2893.9611793557 4115.6997102991
2153.5227191964 1235.8490024088
-221.0175510702 -3623.2130450137
391.2476103905 5686.4141025743
-2064.0000000000 -2455.0000000000
4337.2325029711 2711.7764632685
4096.2577924793 2605.0066390158
476.8086947254 1587.7537443851
7658.8807281511 469.7378746523
-1600.7967491775 2876.8980985715
132.7703315166 4668.2688710076
1291.2990033809 2837.4979264306
2061.0000000000 -3446.0000000000
866.2644775714 283.0117160389
-2779.9081804718 378.6038076606
3092.0105426279 -249.3320757892
-3299.8938315581 -6565.3159056704
-2799.0946202220 -1891.8084573438
-1038.8723644720 -4580.5230268944
3484.0145075827 -2918.7001177456
-2740.0000000000 -2529.0000000000
1653.0338973337 2686.2964187504
978.8221405180 -3126.8615614326
1660.9151570599 -698.1320090644
3685.7477221130 -4824.1514754701
6435.0323214141 214.6822005289
-368.4392346551 -2606.4262197188
199.0111447070 170.3054319661
-4967.0000000000 3468.0000000000
-1802.3972465953 -2032.5077812604
-4034.8014824183 -3027.7610951860
759.4942369226 -546.7732765959
-3898.1061684419 -1308.6840943296
-7066.0878095835 -2079.5601827891
-763.2067125666 555.8081646937
-1633.0186416332 7229.0240550317
2130.0000000000 2039.0000000000
-4774.9171467632 1616.9481300055
227.8875223721 -87.9811510421
1553.1871291753 -2830.2562880889
-4243.7477221130 718.1514754701
-2375.8338731552 4290.9379560695
-2293.4816883063 -320.8589180804
-2547.6140764422 -6876.1357197137
233.0000000000 1766.0000000000
-2381.6511463414 111.3175936325
8213.6701113050 55.5702022460
1070.4480844811 -785.6559909729
-3175.7314933988 1681.7036405741
-3672.4431638156 -1407.9215506957
4582.2642493176 -5104.3744047064
3514.5187081328 -4039.2531122185
144.0000000000 3839.0000000000
5750.3898689046 2218.4644895333
-1102.6168796279 -1584.4971063447
-4072.8763498404 2002.2069766746
5230.2324958729 3131.0114318874
3742.8317504473 -1240.0865370328
3580.5537585523 -904.7001143071
-3588.1526336271 3532.6466241405
3271.0000000000 2734.0000000000
6132.5366069322 2068.6125229715
2592.4081607657 -704.0535402559
-244.7318921410 -1223.5143149014
-3010.2685066012 -2935.7036405741
-2170.7321129077 3746.5065305769
-1167.6986654155 968.4700078127
1629.1274489816 7822.5816684269
-1124.0000000000 1941.0000000000
-1838.6691302615 3582.4084191413
-4623.4613924428 -6251.0195556454
895.8237954873 2497.6035957974
-6656.2324958729 -2861.0114318874
1045.7373270421 -839.3014681270
-955.1193424544 3316.6045112008
-1412.1571614743 5713.3845530534
-3658.0000000000 -843.0000000000
1589.0208878393 -2503.1637249275
616.5066772697 6320.9533941129
-1075.1293977448 1931.5087980486
-1552.5245660864 179.8109293749
-6556.4114179099 -1831.5215599719
-4970.4319730252 -2127.0841337327
2316.9547602106 6806.8023583866
5085.0000000000 -1036.0000000000
-3324.9975847938 3742.3209060456
-3445.7344741567 -1667.0427937882
-3937.7021043866 3740.6838916035
7062.9701602646 1621.5089065705
-4646.0170631183 2384.5007245868
-1401.1999925181 252.6020082267
1694.7990067086 -831.3000335417
80.0000000000 -4175.0000000000
-2700.8246479317 -4424.5732042130
5172.0310538077 -459.4527505763
-2711.3866073995 643.8674596352
4.5245660864 -1911.8109293749
4388.4146338600 -6828.9377348737
-4908.8878629202 274.1475512554
-3182.1150516482 4513.5749654121
-5747.0000000000 -902.0000000000
974.7710410829 -1195.6639204955
3993.1967430793 -1406.4578497484
489.3990657989 -984.7144038815
-1666.9701602646 -4469.5089065705
2164.0441509716 -118.9614861507
-295.4801715366 -5779.6654257494
-2090.8196715391 -1684.4230356629
-3072.0000000000 -818.0000000000
247.7132379708 2006.5296004597
-3345.7539124971 3976.5319051172
656.6707003966 -1123.5429639575
1550.6785360814 -468.3928906679
-2408.2551350962 -135.2293269303
4368.5649449543 -510.5918350646
7310.3148840728 -118.8703216185
3599.0000000000 -293.0000000000
1714.8414297433 1496.1994090562
-4168.3319670913 -7288.7786694908
1770.5851770757 1725.9178859158
-794.5459941112 -1510.8198051534
1327.0262177153 -6506.5103024765
702.8610014492 -2149.6350869221
1767.3432538381 -1367.4267298068
-4276.0000000000 -16.0000000000
3213.8325858835 -2567.0874607990
4237.9378889419 5.7781884979
605.8049533270 -6433.7327030318
2669.3214639186 3450.3928906679
4880.3018789323 -1912.4265297057
1237.4636257455 -2139.0852217204
3783.8766144766 458.5907960724
2561.0000000000 -201.0000000000
2897.4375586433 2142.2808099945
-4527.8520093535 -93.5314241243
2010.3002151850 8705.8639828582
1602.5459941112 -1447.1801948466
-7072.8977737923 -371.7561995990
3783.1104278511 -1280.6878562929
2975.1042016282 -894.7999464319
5332.0000000000 -877.0000000000
2228.8677092440 -480.5055050140
-1500.5243775523 -3174.8086330295
-1926.0154721682 -3309.0236416515
-4925.5701269217 -2948.5393155041
-1633.1343086237 3143.6184668206
5413.7545412160 2024.9767324503
-1860.0302654480 -760.3046510824
4466.0000000000 -3895.0000000000
-183.8852796755 5086.4143795765
-2434.0878219086 -1497.5519776805
1684.3058113700 -781.7699123193
-3884.7624099468 -6771.6668068405
9310.5256265137 4111.3419494930
3877.8265404554 90.8954278141
1396.7511558647 -978.2794679140
3610.0000000000 65.0000000000
436.9309844967 5850.3072458963
3324.7576348466 3904.9460769569
400.2119720347 1664.8079431756
-394.4298730783 6710.5393155041
3019.1082649612 -4559.3378840506
7644.1951627059 -1448.1749326610
2207.4809059595 1517.0727300227
-1048.0000000000 -5285.0000000000
-238.4952266814 1979.0502505549
-1718.1454353858 -784.5854662469
-1803.6881694617 -2403.0790322168
-4091.2375900532 -430.3331931595
100.0822297649 -1098.8889032768
-2311.7762443773 -5603.6972276034
-2835.0159381510 698.5760319856
884.0000000000 3418.0000000000
-531.4494093261 560.9615791727
-1987.4820332948 -89.2383530833
-1271.3428859449 -322.7814724972
7509.0654044333 -2503.3226894078
2889.1519590890 866.6770463555
-2544.3536079477 -33.2247813575
406.2801613308 4252.9081593114
-4631.0000000000 71.0000000000
-2503.0077063752 1530.4984645131
-6824.7345427027 1625.1026336534
4760.8578951022 -856.0500083775
-5608.7759338752 -5641.2150416695
-5564.9273001542 3459.9629572510
-4059.9994035384 3969.3085991677
-2952.3465892822 -5944.8666002717
-934.0000000000 -1874.0000000000
-103.3445322547 2909.3785265572
1843.6921294607 1375.5125230630
-4625.6204705136 4068.0520374693
8112.9345955667 247.3226894078
-1679.5588632410 1962.0148127293
-2950.5075739589 3282.1667734062
754.3566966982 2059.5817106674
-1955.0000000000 -431.0000000000
2133.1522953190 -185.7854642488
-763.4755534633 -791.3768036331
-3053.8642348404 3198.2680423100
654.7759338752 -3150.7849583305
295.9835569433 3968.2920776701
646.8605854450 365.7494087836
-1210.3205725501 3592.8881313883
266.0000000000 2159.0000000000
2957.1332089932 4379.8927136842
826.6079096547 1234.4620021576
-1182.1082324354 4667.0710353354
1828.1534623808 -134.8994949366
-3375.8396081167 -6573.2859964986
-626.1161835826 -894.1595715660
1646.1374668049 1083.7326066296
-6832.0000000000 10807.0000000000
3389.3555665506 -3499.0454949420
1569.7509008891 85.3675076566
2064.8809330918 -419.9166721766
2566.4556954459 -1258.4011537018
-2246.0865393183 779.9673598667
1037.3917642729 -5472.3639809412
3659.7256137401 -292.6902882437
-4240.0000000000 277.0000000000
2404.3959164891 4113.3039871055
-1720.7756573854 1866.7174312676
-3019.0238956334 -2575.3997457392
563.8465376192 -115.1005050634
1405.2160351565 -5671.8283068779
-1900.5678672006 -4128.5052919102
6759.7054877500 -1526.4324337334
162.0000000000 1273.0000000000
-727.6789286259 -2178.0034503918
-639.5831531584 -2830.5469410818
-2810.0327789169 -4412.5217190627
-4210.4556954459 -183.5988462982
-974.4956511286 2152.9991880540
2661.2922865103 -412.9711555826
-3503.2845944011 -5195.8427830094
-4410.0000000000 5732.0000000000
-463.5294084141 2366.6370820813
338.7224135991 280.6481042632
5275.1797939859 -2997.0425244890
6271.4900782010 2305.2061658910
786.8953271647 -1018.0183194340
-4301.9960868203 -1245.7773034759
-2237.9717456588 1007.7284743917
377.0000000000 3373.0000000000
-4336.7096819054 -2104.2104318167
1265.4646752212 1345.8930386301
205.9931740811 -896.3263189008
938.9946955590 241.3867632215
-3413.1870754986 3310.1699445180
-5813.8130443333 -1490.6145915184
961.1797970104 6353.4621069222
-1250.0000000000 -5974.0000000000
5059.9703798778 -2227.5614987854
-4731.5081949349 1503.1597613885
-2980.2344684125 -889.7617988570
4482.5099217990 -2213.2061658910
1964.5231121714 -3136.8695738289
-3289.1885459155 1890.3177828854
-6854.4980160066 -6507.3391187286
-341.0000000000 2149.0000000000
434.9187809538 1968.6983403819
2179.3211061147 2426.2990957182
-2624.0295597412 -600.9860915307
-1228.9946955590 4482.6132367785
-1160.8814343495 537.1544568839
-2855.0023229308 7082.0741121090
-2281.6189752583 1506.2652711923
3413.0000000000 -5273.0000000000
-2426.8740554903 -1068.2240990665
567.9122136979 -4900.8942152549
804.3449312063 2986.0726905066
-861.3384540541 -3220.1247430042
-3578.7249622733 381.5730465039
5953.5532826544 -2635.7598366629
-2224.4421904222 -7465.1456758208
-5173.0000000000 -605.0000000000
6428.9348711588 -3539.1995030412
2805.3601481592 -290.3590260371
-9463.0736393855 3695.2021078187
-374.8108242445 3431.9402589452
-1010.7977313735 1747.7413171385
1923.1587184848 -2470.6891577161
3531.2003511080 610.2806400037
-785.0000000000 2377.0000000000
3255.9807794885 -3825.9197485733
-302.1917932490 -4422.6207136316
-1722.1381760095 -1696.8852254159
2111.3384540541 3650.1247430042
-1479.2487456035 141.4474559729
-2892.6832249693 4884.0965576135
-5632.5108774337 -4133.9887036022
-1363.0000000000 3157.0000000000
1534.3583946393 -3485.7899707481
500.9194313919 461.8739549236
-1536.8116083463 -7118.7633198169
-3039.1891757555 2210.0597410548
-819.6285505462 4104.3715018140
1083.9712238301 -561.6475632345
2771.4312092829 -5796.7725136732
7934.0000000000 4944.0000000000
-3654.0718746245 -3269.0849694562
-2136.7868573062 -2857.0546938676
-964.2958192951 584.1418733475
867.3574311004 -3725.4246737676
2576.2799530072 5574.7771483599
3583.2425587900 -4766.1938100348
-717.2597601258 582.3619708655
-394.0000000000 -2000.0000000000
-841.4802283934 -5878.5465691698
-2938.7956245632 1453.0301230341
-76.1834988663 2449.3392569419
269.5052736491 1114.1198410471
-9065.7785431560 2083.2886746530
4793.8218929289 -1227.5369529355
4786.1349175749 2791.4335198616
-92.0000000000 -2042.0000000000
-712.1867059618 -105.8180062374
-536.0558551684 -1501.3807990428
7216.7795180838 -389.9842406530
318.6425688996 -1332.5753262324
1004.4799518450 4012.3781281905
1267.3629225689 -3761.5703945995
2285.5412969490 4166.2214234010
300.0000000000 3438.0000000000
-3767.0920691236 -2915.9795848311
831.6383370379 1757.4053698763
-2362.1235764133 288.3435205365
10556.4947263509 771.8801589529
-220.1504835930 5258.9851784910
-3088.4273742877 6423.3011575697
-2336.5930779072 4816.1426756990
-3898.0000000000 -2042.0000000000
-1213.1461422141 -1577.6190867377
770.1061408330 3824.7557998789
1822.0693021385 3151.7532294100
-1739.7210331936 -747.6393564997
-6848.2285397214 8541.8840886312
2197.6093977788 5333.4623506832
-5287.4658951336 1075.5755992267
-3165.0000000000 2383.0000000000
-80.0590919994 -645.4464656499
5461.1577451469 2671.5580265244
1994.4112273445 162.3545379299
-9321.5007486670 -2623.4080425696
2686.3711292406 410.6301381512
1826.5451503802 3105.5317285959
3231.0781921533 983.6475435156
-2140.0000000000 -4114.0000000000
2571.0927862487 -324.9351826374
2454.3737309698 -176.1045038776
-224.3152861328 617.6217258451
-3964.2789668064 1349.6393564997
-3495.6562553664 -616.9738508123
726.2403086940 999.1805771539
1802.9788532496 -1317.4362806066
-1197.0000000000 -2243.0000000000
1757.4773806777 1341.0782276367
334.3623830503 -3172.2093225258
3441.7462962184 -2177.6479651679
4369.5007486670 701.4080425696
7078.1487331343 -4264.6178685820
-6474.3948568530 989.8253435670
459.4973101621 -1391.8683901528
1369.0000000000 -6587.0000000000
-4306.4267345387 -1687.2761473938
8557.4928859693 -1607.4112131123
-568.8877533240 2992.8595213249
-2808.0230124516 111.9397513309
4972.4544652609 -423.0595422328
3667.0214031843 -5157.6685354133
908.8867746294 -3042.3400342023
2757.0000000000 -1607.0000000000
-1152.0047400345 4059.2292171808
2155.0894072585 -2160.5928646156
-6360.3661485227 -5717.9519908709
4072.7051198705 98.2898294956
282.7753380477 2684.2957998611
-6619.0114749218 1546.2041351093
401.8147356321 1813.8601393393
-1275.0000000000 -35.0000000000
-104.9299690816 -6974.8668339026
-1968.8706682820 2627.8846601152
-2465.2688806046 -4756.8899014364
2450.0230124516 -5049.9397513309
2237.2073218888 3814.1081968097
-3732.6447847769 -828.6046193379
783.2975126491 1096.1323628882
1489.0000000000 2681.0000000000
2794.4776082341 -1278.5114788502
-2535.7116249458 460.1194176126
-1614.6467599669 -2372.0671201279
-206.7051198705 4179.7101705044
-5707.5532897767 2734.0807885279
-1083.3651434856 800.0690196418
2651.1705195076 -3821.6029769150
