-1546.0000000000 586.0000000000
-144.5471191406 -2594.5773925781
-4153.9543457031 -3975.8518066406
-3601.8845214844 -916.7827148438
-6397.8547363281 1887.6975097656
737.4479980469 3305.1303710938
764.6081542969 2428.5229492188
4507.6262207031 -4510.2089843750
-1827.9443359375 4053.8764648438
1790.9335937500 1072.9921875000
4053.4914550781 -4515.6499023438
1955.3386230469 3350.3913574219
-3898.2700195312 4046.8234863281
1892.8310546875 1452.8530273438
3074.3999023438 293.6743164062
-3234.4536132812 3259.1562500000
5077.8449707031 2821.9138183594
-6918.0229492188 950.2988281250
2537.0834960938 5941.4150390625
4148.7612304688 3847.7307128906
212.0371093750 -1005.6936035156
804.2880859375 1408.1899414062
967.7246093750 -2428.1899414062
328.6293945312 1362.3041992188
-2383.8544921875 -2145.8691406250
-285.7167968750 -5949.6669921875
4078.7302246094 -2345.6643066406
-237.1154785156 -2378.6875000000
-1491.3554687500 -1572.9267578125
1602.6425781250 9785.6208496094
-123.1335449219 489.9802246094
-4466.5874023438 -694.2619628906
-2594.0000000000 -3119.0000000000
-821.1999511719 -1556.2854003906
-2591.9316406250 1575.6962890625
458.9873046875 5492.0300292969
1201.7543945312 4597.9912109375
-185.1655273438 -126.7177734375
471.2661132812 5344.7900390625
-2248.7175292969 1364.2724609375
757.9768066406 3238.9011230469
-2621.2995605469 320.6442871094
9451.8083496094 1321.9685058594
-4921.8955078125 4801.0803222656
-307.7902832031 2763.1918945312
-5440.0378417969 3155.3591308594
1145.3129882812 3875.3457031250
3277.3190917969 -943.7895507812
337.9897460938 -5230.8403320312
3375.1213378906 -259.6120605469
428.9321289062 3596.9819335938
-1151.1401367188 4012.3132324219
766.1621093750 1947.7497558594
-1135.2778320312 346.5881347656
-2329.6472167969 2404.2814941406
191.2956542969 2604.1464843750
1589.9028320312 -2632.8393554688
-4257.3723144531 65.3996582031
-1625.1840820312 3980.6408691406
1390.2709960938 -5195.2631835938
2039.6220703125 1538.4985351562
-601.7119140625 -3713.1965332031
4264.6271972656 -821.2180175781
-2315.6264648438 -4542.9321289062
-3097.0000000000 -4355.0000000000
645.1811523438 5023.5678710938
1637.6384277344 945.1323242188
-605.9145507812 4070.4565429688
-3043.6430664062 -315.6665039062
5027.4040527344 7280.5920410156
210.6760253906 3969.3537597656
-4310.7495117188 -4078.9919433594
-3322.8984375000 -964.9704589844
-9301.4372558594 3239.0847167969
-5433.3952636719 4344.8723144531
-2483.8496093750 1178.4694824219
-305.0681152344 1384.7241210938
-2024.4875488281 -3151.2983398438
-418.8249511719 -3708.8669433594
2804.5253906250 2749.4323730469
532.9836425781 3102.9052734375
-1996.9155273438 -218.1818847656
-3087.8449707031 -2582.0725097656
505.0720214844 -2455.9396972656
2867.5610351562 -9603.7375488281
3642.8041992188 -570.7558593750
-298.8701171875 -734.6193847656
-2705.2451171875 -3136.6032714844
98.9941406250 2428.8518066406
2617.9262695312 -4142.8239746094
-5887.3889160156 4567.5136718750
-507.3972167969 1565.4108886719
-2434.6906738281 -7244.1455078125
1157.3574218750 3363.3432617188
-1456.7512207031 -1665.4992675781
2623.8208007812 -3483.6040039062
876.0000000000 -68.0000000000
2436.7316894531 786.3408203125
1701.9001464844 -1088.4538574219
326.0134277344 2176.2111816406
-1702.3896484375 -3527.8842773438
-4347.5983886719 1816.6528320312
-278.3806152344 1372.7502441406
-2753.0520019531 -899.3398437500
8055.7541503906 5171.8422851562
311.6677246094 379.5966796875
-2836.7470703125 -2604.3818359375
3312.0544433594 1065.1899414062
2634.8173828125 -3792.4106445312
4377.8278808594 -1166.4438476562
-3118.2917480469 -2546.8574218750
2170.5507812500 -1440.6447753906
2967.9094238281 1815.9445800781
2711.5180664062 6168.2009277344
-1030.3452148438 -4292.5581054688
-1641.2915039062 -1872.7019042969
1844.3288574219 3149.7993164062
-3512.4086914062 466.4663085938
-578.1423339844 455.4775390625
-2877.9382324219 4444.0761718750
-2419.8522949219 -5347.6738281250
4076.8156738281 138.1301269531
-2722.3745117188 1021.7548828125
4927.9226074219 7220.7595214844
-2608.7392578125 -961.2700195312
-1246.8474121094 4466.0288085938
511.1081542969 1402.5661621094
7070.2236328125 -1942.4780273438
2932.0000000000 819.0000000000
-3590.1860351562 2086.6081542969
-6629.7951660156 2537.9606933594
-3750.4101562500 -1011.1975097656
1876.8300781250 2375.5590820312
856.3754882812 1194.5378417969
-3715.0593261719 3618.8044433594
1211.5163574219 1842.2902832031
-1042.9682617188 -2009.9384765625
2374.6813964844 955.6596679688
-843.7954101562 4664.0722656250
762.3337402344 -4630.3930664062
-2482.9809570312 6163.1899414062
1428.2600097656 -3554.0705566406
-7159.6240234375 1794.3601074219
-2781.9038085938 -109.9597167969
2079.9365234375 -5190.8415527344
2859.3151855469 -1538.6130371094
-674.9685058594 1902.6550292969
1114.1979980469 6547.9428710938
1601.0151367188 2866.1938476562
5640.4860839844 -2018.0700683594
5130.6386718750 1196.3430175781
-900.7749023438 -2703.5524902344
-188.9882812500 -769.9531250000
5724.5437011719 -2007.5974121094
-1926.9694824219 3710.4946289062
-3029.6801757812 -1597.4814453125
1856.9624023438 4162.0532226562
-454.8535156250 1825.9162597656
-811.4436035156 -5025.3889160156
1063.3239746094 -3056.9255371094
1989.0000000000 8020.0000000000
491.4853515625 -2084.7509765625
-3807.6445312500 -462.3515625000
2477.6145019531 -3756.4729003906
-4060.6625976562 -2836.5541992188
-2291.7243652344 -1180.1477050781
816.3979492188 -1408.7512207031
2784.5129394531 1466.4624023438
-754.9770507812 1411.9570312500
2609.2145996094 1518.9191894531
896.0285644531 -1984.1345214844
741.9204101562 2671.4865722656
-4220.3764648438 -3570.9555664062
202.5820312500 -1336.0375976562
121.5998535156 8967.5351562500
1515.1513671875 2479.1716308594
-2960.9096679688 -1509.9538574219
-2515.1831054688 -2960.9960937500
-3426.5693359375 -2178.3481445312
-2402.4714355469 5486.1721191406
2854.6125488281 4924.3403320312
1793.9826660156 2443.4887695312
1779.4145507812 5147.0502929688
1113.9970703125 4093.5629882812
-2912.8222656250 4157.7460937500
1263.9392089844 -2541.2922363281
-1701.3876953125 1936.9250488281
-1202.0429687500 -245.0742187500
-317.3364257812 -196.8083496094
-1034.3488769531 -10.8249511719
2986.0000000000 -1826.8173828125
3330.3823242188 291.2233886719
-181.0000000000 -3165.0000000000
3277.7180175781 -3331.7780761719
185.0744628906 345.3525390625
2474.2729492188 -648.3144531250
-1761.0627441406 1988.1362304688
-4471.9907226562 -1034.9814453125
-4245.9138183594 -1760.8518066406
46.7678222656 -1010.7539062500
-5064.8452148438 3358.8977050781
888.8425292969 3943.2521972656
7776.9416503906 -171.1101074219
4083.9118652344 1810.7468261719
-2658.1333007812 -269.2053222656
-94.4433593750 4603.7460937500
-3699.0595703125 4221.7287597656
576.6879882812 3394.1159667969
4812.8530273438 2008.9387207031
-892.1999511719 657.4338378906
-1387.0761718750 -1873.4902343750
-1320.5993652344 166.8444824219
-2572.7263183594 1829.6911621094
729.7419433594 -1707.2272949219
-8604.8078613281 -275.2976074219
6766.0153808594 -564.1970214844
-4462.7275390625 4600.7192382812
1396.3481445312 2393.7265625000
-1051.2397460938 -2700.3903808594
-4780.4050292969 3258.6337890625
8015.5615234375 6334.6418457031
-2969.6652832031 -2220.5000000000
-2796.4907226562 2981.8027343750
-1327.1699218750 3871.5397949219
3497.0000000000 -465.0000000000
4198.6652832031 3285.0312500000
-2457.1054687500 1093.0007324219
-4528.1210937500 1213.0410156250
1225.4965820312 -138.2109375000
3274.4951171875 -4066.0886230469
1870.3378906250 -4726.8305664062
-4075.4001464844 5101.7424316406
-161.9951171875 -3897.8808593750
-5484.9353027344 -1401.8022460938
4394.9570312500 2637.9768066406
-2839.3630371094 -4355.2409667969
6968.2736816406 -866.0908203125
-848.4130859375 -4890.4482421875
4594.9836425781 -1660.9572753906
-2908.3039550781 2095.6030273438
1654.9494628906 1738.9470214844
5934.3371582031 631.1643066406
-1599.5454101562 -2559.6408691406
-712.9250488281 4554.0944824219
-3035.3488769531 2946.0356445312
1662.7583007812 -1201.6940917969
4628.7902832031 -4481.1303710938
4449.3039550781 -1512.5576171875
5201.6826171875 -2239.8632812500
185.9526367188 -3027.5991210938
-3318.0979003906 -1607.2270507812
-496.3547363281 -510.8059082031
289.2746582031 -5429.3596191406
388.6442871094 -5734.8337402344
260.8969726562 4153.2622070312
-1703.7304687500 -1746.1796875000
859.0000000000 -1232.0000000000
2178.5246582031 2510.4526367188
3797.1921386719 -2575.2880859375
-2826.8190917969 -7412.1928710938
-3006.0180664062 -1998.7873535156
-2919.3298339844 -1796.6730957031
-6384.3867187500 -3402.2221679688
-2248.3928222656 -806.0236816406
3172.9030761719 -5935.8188476562
-4791.6579589844 -571.8737792969
471.9575195312 -2351.7119140625
3887.5610351562 3784.0129394531
3569.6855468750 -509.5292968750
-1953.3781738281 799.8205566406
-3101.5224609375 -1414.6960449219
-92.9479980469 1485.9726562500
-4308.8684082031 1839.9438476562
7012.4858398438 -1006.0390625000
5214.4426269531 5430.4704589844
246.4545898438 1003.0187988281
-1393.8051757812 -2982.9692382812
6486.8383789062 6253.5285644531
-929.7871093750 1736.4611816406
-125.8693847656 -1357.3205566406
-6950.5756835938 763.9533691406
4092.5446777344 -1442.9348144531
5623.4299316406 -2115.3867187500
-167.8825683594 2081.9387207031
-2533.6716308594 -1352.3161621094
-690.7570800781 941.2209472656
2476.1523437500 2772.2973632812
1479.7172851562 5179.6208496094
1052.0000000000 2080.0000000000
-6650.9306640625 -6204.1242675781
2818.6577148438 2415.4738769531
-7658.5717773438 9118.3896484375
-44.7207031250 -2408.8417968750
17.5524902344 -1025.9006347656
-756.7014160156 1377.0620117188
1338.0544433594 487.3415527344
-2303.9296875000 -1.9997558594
-2044.6271972656 6789.9382324219
-1308.1403808594 1750.4943847656
4863.2702636719 -1379.3098144531
-2687.1347656250 5996.9533691406
1004.9775390625 -677.9382324219
-708.2683105469 6152.5385742188
7915.0161132812 6903.5419921875
-771.9763183594 875.9733886719
-5329.8520507812 -1368.8681640625
3168.7333984375 -7219.3312988281
1187.5468750000 3763.5375976562
3756.4926757812 2424.7673339844
-3344.6628417969 -4798.9284667969
229.7460937500 1714.9482421875
3143.6889648438 1766.6499023438
4671.7148437500 341.9790039062
-2013.7770996094 1381.3022460938
-431.4099121094 3429.3085937500
-2313.2485351562 4349.5227050781
-520.6540527344 -2813.0617675781
-989.5097656250 -1191.0395507812
2523.0063476562 -3348.9436035156
458.8957519531 -3611.5319824219
7049.0000000000 2422.0000000000
-219.8735351562 -888.4284667969
-2891.0944824219 4632.6162109375
-5095.5686035156 2706.2182617188
-553.0136718750 2813.0183105469
1734.3557128906 -1108.8076171875
3265.6052246094 1544.0878906250
-343.4318847656 38.4990234375
1621.9504394531 -4602.8596191406
1689.8627929688 676.0639648438
-984.0346679688 3506.1972656250
-5428.4831542969 -4088.9260253906
240.0366210938 9074.7155761719
-2267.0136718750 -806.3588867188
-7487.0944824219 195.2741699219
-2250.5512695312 903.8754882812
-3650.8886718750 -91.9970703125
-2495.0649414062 1529.4150390625
414.6340332031 7177.5026855469
470.6357421875 -4059.6052246094
1778.9223632812 3368.6899414062
-138.5878906250 200.1428222656
2449.2072753906 649.3991699219
2266.2041015625 3488.5532226562
4107.7495117188 -3574.7817382812
4698.4797363281 -7663.9389648438
5052.1552734375 1962.7106933594
-1647.7854003906 5883.5083007812
-1777.8886718750 254.7072753906
-938.3034667969 -1713.1611328125
3812.0781250000 1194.9213867188
2733.5600585938 5286.3918457031
3205.0000000000 875.0000000000
-612.7368164062 -1365.9211425781
3032.5686035156 741.2741699219
-1627.7285156250 -873.0678710938
272.3220214844 1454.2797851562
5021.8679199219 -717.3842773438
736.7050781250 -1847.0964355469
-4232.5358886719 2467.7380371094
1936.9409179688 3126.9045410156
8897.3229980469 763.2072753906
883.2622070312 356.0080566406
3874.4064941406 4444.2309570312
4869.9069824219 4494.2517089844
20.2861328125 581.7302246094
-1446.5576171875 2382.5830078125
793.8527832031 -1404.6599121094
-2620.9199218750 -62.9980468750
-5246.3442382812 4377.0117187500
-1974.4575195312 -179.2102050781
2395.8288574219 -1947.5051269531
1041.6062011719 -1552.2294921875
-1038.0373535156 645.9040527344
-126.4370117188 6036.7338867188
-2327.6328125000 -1525.3427734375
7578.5373535156 3620.7788085938
-1414.7026367188 -49.1257324219
2106.4084472656 -962.0178222656
-410.3081054688 -2995.1689453125
-6779.5834960938 -500.4804687500
-315.9055175781 2371.9501953125
2116.1301269531 -2064.6269531250
2797.8415527344 3881.5048828125
-745.0000000000 5601.0000000000
814.3601074219 -4152.8913574219
1266.4616699219 5019.0036621094
-6712.8349609375 -1033.2250976562
-1603.0563964844 -1272.4809570312
1514.5329589844 -3273.6428222656
-1998.1203613281 -2116.2238769531
8967.0021972656 -2988.4433593750
-4214.8713378906 -2536.9226074219
2335.1533203125 709.6210937500
-1613.0195312500 -2386.4946289062
260.4570312500 -1407.2795410156
-2516.6572265625 3049.7185058594
5513.3825683594 -4484.1127929688
-2722.2487792969 -904.6408691406
-3433.2231445312 -3316.5402832031
5270.8391113281 296.9909667969
3030.1425781250 526.0881347656
-4507.3295898438 2532.2089843750
-2772.1140136719 -4867.2993164062
6488.7094726562 -6417.0888671875
-1282.9880371094 209.8557128906
-3605.4624023438 1477.7373046875
3443.6149902344 2124.4204101562
-1114.9321289062 -1060.9350585938
-1225.4528808594 -1167.2275390625
-1169.6699218750 1842.9521484375
2198.8757324219 -3861.2543945312
3210.5173339844 1875.9235839844
-83.8405761719 2224.7871093750
-409.4169921875 6086.4609375000
2759.3483886719 5766.2680664062
6127.0000000000 5944.0000000000
4148.0664062500 777.2509765625
-2848.6777343750 -2583.3894042969
3474.8432617188 -4599.1037597656
5388.6379394531 -3262.7634277344
1180.2854003906 -8026.2548828125
7392.4011230469 -1463.7749023438
-3900.6098632812 3256.4345703125
210.9936523438 -2611.9201660156
-856.3256835938 3874.2375488281
4074.2214355469 1127.7272949219
1049.2985839844 -2401.8378906250
379.2380371094 -3619.4650878906
-745.9968261719 -2267.3049316406
3440.9577636719 -2962.4533691406
2001.5642089844 -5153.7373046875
2958.9096679688 4959.8486328125
-438.8181152344 -813.8813476562
-1398.0402832031 1799.8950195312
10100.4899902344 -3079.3505859375
617.1601562500 -1461.0478515625
952.3227539062 3951.4995117188
-3838.7849121094 5776.1420898438
-30.3149414062 -3138.2729492188
-1612.9013671875 6035.6315917969
-6599.9001464844 2451.1364746094
-2975.3078613281 -3608.0024414062
2926.2741699219 -1849.7819824219
-2892.9963378906 2639.4440917969
-1886.9377441406 3172.8315429688
-1182.8449707031 2025.6708984375
1888.6911621094 -1192.4440917969
-1281.0000000000 -5467.0000000000
286.8588867188 -10292.0229492188
3535.8579101562 1476.9033203125
-4454.3168945312 -3428.1979980469
1396.2277832031 -16.9138183594
706.8730468750 465.4577636719
-2280.3662109375 3834.6406250000
-5914.0490722656 -248.5668945312
-4852.8518066406 -1346.9587402344
-2185.1647949219 -966.2290039062
890.4372558594 1070.0854492188
-2277.1154785156 -1350.9887695312
-4378.7451171875 -4637.4689941406
3257.9306640625 -1617.3774414062
49.1225585938 -2898.7434082031
6148.8217773438 -3684.9833984375
-1874.9428710938 -2756.9157714844
-333.0429687500 -2090.4064941406
-3352.5412597656 -994.6401367188
3878.5827636719 1151.9089355469
-2832.0974121094 3464.7026367188
2111.9174804688 1369.4687500000
5143.0930175781 -3621.9821777344
779.4384765625 3154.5483398438
-2178.8669433594 -3144.8081054688
-3400.9389648438 -769.5756835938
1674.1352539062 4531.1870117188
4485.1958007812 -2233.3122558594
-4972.5327148438 481.7082519531
2115.2319335938 2124.9907226562
-4075.6887207031 2602.1303710938
1896.4265136719 -2479.4438476562
-3130.0000000000 2064.0000000000
1258.9938964844 -2607.6599121094
-2270.1066894531 3300.4201660156
-58.5388183594 -1347.2216796875
2069.8100585938 5754.0168457031
-1356.5507812500 4014.0031738281
1012.8994140625 -4449.6816406250
1702.5375976562 3041.1557617188
1541.9531250000 2929.9106445312
-3337.5581054688 3623.9379882812
-711.9519042969 6119.5900878906
-1153.8903808594 -1961.0988769531
-3685.8325195312 -5410.7900390625
5944.9602050781 2527.4440917969
-391.4418945312 3057.6501464844
-768.4375000000 -1492.0466308594
2965.9094238281 379.9885253906
-1497.9238281250 -1599.9758300781
-8863.6701660156 410.2724609375
327.2934570312 39.9113769531
-2039.7482910156 -884.1386718750
237.6181640625 -1842.5446777344
2631.9196777344 1412.6057128906
220.4931640625 -1864.3933105469
3773.7695312500 1949.8808593750
-3581.7241210938 1557.3991699219
6233.8115234375 569.1660156250
1772.8962402344 -3372.6604003906
1175.9499511719 -814.8051757812
-7690.7744140625 590.8293457031
2342.0695800781 2059.0366210938
1741.1547851562 -8921.4838867188
-2008.0000000000 -4703.0000000000
-2093.6516113281 -2493.1875000000
-744.9887695312 -3160.5778808594
-4440.3559570312 1662.6220703125
1512.6699218750 6925.1018066406
1359.3041992188 305.1796875000
312.8002929688 960.7734375000
-2010.6481933594 -3769.3823242188
5854.8212890625 -5267.8393554688
-1703.5036621094 651.7021484375
3909.3752441406 -1404.6098632812
4053.4426269531 -341.0270996094
176.1979980469 1690.1867675781
-1843.9316406250 -1526.8554687500
1904.3615722656 6148.8947753906
-437.4094238281 -3864.6867675781
-1265.9614257812 -1846.9436035156
-4763.2866210938 3621.3713378906
-4995.3256835938 -1725.1062011719
-3209.0090332031 4846.2231445312
555.2502441406 1634.5871582031
-1458.8652343750 -2079.4116210938
-5375.9316406250 -6470.0124511719
-2622.8610839844 3350.1823730469
-3276.7998046875 -2993.8173828125
2484.6201171875 1067.0993652344
139.0156250000 1386.4543457031
-443.8256835938 1032.5488281250
-5331.7204589844 -534.2412109375
251.7355957031 -305.8305664062
1898.8359375000 -1247.5324707031
-5727.6540527344 6274.3288574219
-2628.0000000000 5946.0000000000
1571.3381347656 909.7163085938
5166.2214355469 309.2263183594
-5614.0839843750 -2210.2136230469
3361.6040039062 700.9765625000
-1047.9096679688 3764.4016113281
989.3444824219 5026.5705566406
4882.7551269531 6404.6667480469
378.9882812500 -286.9912109375
5116.1999511719 2016.5024414062
-730.5883789062 -436.5920410156
-4801.4997558594 384.5471191406
2970.9787597656 -2394.5021972656
-1885.2250976562 -2945.9675292969
1299.3708496094 -37.7937011719
321.7180175781 -2872.7368164062
4119.8742675781 -1403.9570312500
238.0554199219 -2107.8303222656
-3561.0263671875 4196.9521484375
-3713.2548828125 -1686.7626953125
-2245.5690917969 -2538.8430175781
-1602.7451171875 -2134.9575195312
7259.5976562500 4951.8242187500
1027.0456542969 541.3967285156
2400.8535156250 532.9675292969
3029.3461914062 3495.3449707031
-6397.9160156250 4297.7817382812
-3081.4262695312 1138.2844238281
1368.7148437500 3956.2861328125
-1251.1757812500 5138.0563964844
4630.2778320312 -3332.9506835938
-2100.0458984375 -3850.7814941406
2150.0000000000 -1101.0000000000
-426.6760253906 422.2026367188
946.0078125000 575.4812011719
1397.8005371094 -1685.1081542969
1629.9880371094 -4428.8881835938
515.3063964844 2801.0732421875
-2488.8645019531 4674.9096679688
279.8688964844 173.7519531250
7731.7639160156 2228.9318847656
4626.9953613281 129.5988769531
1425.6833496094 -3103.8579101562
1125.6779785156 4359.5717773438
1129.7099609375 3761.9914550781
-2752.1284179688 1930.7099609375
-692.6569824219 -2360.3395996094
4546.4194335938 -2946.2153320312
-7099.7832031250 -1094.9665527344
-256.2170410156 -2569.9772949219
-1532.8090820312 -4147.6354980469
84.7480468750 -4015.3059082031
1383.8774414062 -686.9345703125
7220.1123046875 5650.7158203125
-1316.5214843750 -1934.5361328125
-11083.1362304688 2241.2587890625
2373.8549804688 3238.8022460938
-1306.8955078125 -5057.6716308594
5872.5588378906 -5559.0534667969
-5088.4147949219 -6085.3405761719
100.2116699219 -2166.0229492188
-5236.4323730469 1156.9421386719
-397.5725097656 -2071.6728515625
-5244.9663085938 -3993.1179199219
998.0000000000 -2957.0000000000
-2992.4116210938 -3420.8564453125
544.2717285156 3256.0415039062
-3035.3273925781 2091.1552734375
3107.8962402344 2424.2177734375
1248.8427734375 1146.8403320312
522.6999511719 -4296.8259277344
-730.7551269531 -4036.2895507812
717.9780273438 -6072.8146972656
8642.6098632812 2680.7014160156
33.2631835938 5014.9423828125
2937.9523925781 3781.8217773438
-4296.6782226562 -5885.4104003906
240.4062500000 1932.4370117188
4049.2707519531 195.8747558594
-99.1699218750 -3686.1582031250
-3187.9025878906 144.9956054688
-1117.9628906250 3811.7797851562
242.0793457031 -212.3483886719
-1648.0349121094 7001.0778808594
-2893.8146972656 4115.4570312500
2153.3937988281 1235.6870117188
-221.0319824219 -3622.8896484375
391.2426757812 5686.1564941406
-2063.8740234375 -2454.8500976562
4336.9462890625 2711.5498046875
4095.9770507812 2604.7338867188
476.7468261719 1587.3569335938
7658.2395019531 469.7265625000
-1600.6884765625 2876.6088867188
132.6630859375 4667.8461914062
1291.1862792969 2837.2629394531
2061.0000000000 -3446.0000000000
866.3503417969 282.9575195312
-2779.8159179688 378.6611328125
3091.9277343750 -249.1928710938
-3299.7900390625 -6565.1418457031
-2798.9814453125 -1891.8071289062
-1038.8115234375 -4580.3833007812
3483.9580078125 -2918.6831054688
-2739.9165039062 -2528.9226074219
1652.9687500000 2686.2221679688
978.7966308594 -3126.7407226562
1660.7214355469 -698.0080566406
3685.5620117188 -4823.8850097656
6434.7324218750 214.6606445312
-368.3574218750 -2606.2373046875
199.0170898438 170.4843750000
-4966.8483886719 3467.8942871094
-1802.3691406250 -2032.4716796875
-4034.6030273438 -3027.6425781250
759.3601074219 -546.7651367188
-3897.8713378906 -1308.5778808594
-7065.6838378906 -2079.4316406250
-763.1306152344 555.8913574219
-1632.9916992188 7228.6801757812
2129.8701171875 2038.8754882812
-4774.5378417969 1616.8540039062
227.8728027344 -87.9060058594
1553.0358886719 -2830.0622558594
-4243.3989257812 718.1135253906
-2375.5417480469 4290.5800781250
-2293.2546386719 -320.7646484375
-2547.3828125000 -6875.5651855469
233.0000000000 1766.0000000000
-2381.6638183594 111.2653808594
8213.5842285156 55.6093750000
1070.4455566406 -785.6743164062
-3175.6352539062 1681.6757812500
-3672.3427734375 -1407.8925781250
4582.1425781250 -5104.2431640625
3514.4038085938 -4039.4453125000
143.9956054688 3838.8828125000
5750.2116699219 2218.3850097656
-1102.5244140625 -1584.3210449219
-4072.7580566406 2002.1401367188
5229.9726562500 3130.8503417969
3742.5925292969 -1240.0190429688
3580.3344726562 -904.7026367188
-3587.9143066406 3532.2700195312
3270.9001464844 2733.9165039062
6132.2519531250 2068.4848632812
2592.1677246094 -704.0146484375
-244.6601562500 -1223.5393066406
-3010.0839843750 -2935.5476074219
-2170.6550292969 3746.2988281250
-1167.7460937500 968.5290527344
1628.9863281250 7822.0820312500
-1123.9316406250 1940.8815917969
-1838.6330566406 3582.1135253906
-4623.1459960938 -6250.5625000000
895.8449707031 2497.3330078125
-6655.6826171875 -2860.7795410156
1045.7075195312 -839.2707519531
-955.1154785156 3316.3176269531
-1411.9936523438 5712.6176757812
-3658.0000000000 -843.0000000000
1589.0363769531 -2503.1437988281
616.3950195312 6320.9252929688
-1075.0363769531 1931.4645996094
-1552.4848632812 179.8159179688
-6556.2729492188 -1831.4296875000
-4970.1523437500 -2126.9990234375
2316.9978027344 6806.4453125000
5084.8447265625 -1035.9685058594
-3324.8205566406 3742.2424316406
-3445.6872558594 -1666.9785156250
-3937.5517578125 3740.4838867188
7062.5830078125 1621.4404296875
-4645.6628417969 2384.4028320312
-1401.0798339844 252.7304687500
1694.7604980469 -831.3696289062
79.9975585938 -4174.8725585938
-2700.6936035156 -4424.4550781250
5171.8344726562 -459.5446777344
-2711.1904296875 643.7414550781
4.5319824219 -1911.7048339844
4388.2761230469 -6828.5146484375
-4908.4555664062 274.1860351562
-3181.9787597656 4513.1274414062
-5746.6494140625 -901.9448242188
974.6843261719 -1195.4843750000
3992.9682617188 -1406.3364257812
489.5446777344 -984.7604980469
-1666.8613281250 -4469.1301269531
2163.8430175781 -118.8557128906
-295.3945312500 -5779.1298828125
-2090.6416015625 -1684.3474121094
-3072.0000000000 -818.0000000000
247.7216796875 2006.4787597656
-3345.7866210938 3976.5126953125
656.5739746094 -1123.5432128906
1550.6257324219 -468.3981933594
-2408.1367187500 -135.1896972656
4368.3784179688 -510.5173339844
7309.8847656250 -118.8513183594
3598.8901367188 -292.9909667969
1714.7619628906 1496.1442871094
-4168.0832519531 -7288.5192871094
1770.4157714844 1725.7172851562
-794.5092773438 -1510.7277832031
1327.0034179688 -6506.1025390625
702.7094726562 -2149.4653320312
1766.9880371094 -1367.2812500000
-4275.8693847656 -15.9995117188
3213.6367187500 -2566.9926757812
4237.8618164062 5.7326660156
605.7224121094 -6433.5280761719
2669.1638183594 3450.2016601562
4880.0292968750 -1912.2060546875
1237.2756347656 -2138.9287109375
3783.3713378906 458.6069335938
2560.8437500000 -200.9877929688
2897.1882324219 2142.1604003906
-4527.4797363281 -93.3947753906
2010.0917968750 8705.3208007812
1602.4116210938 -1447.0473632812
-7072.3364257812 -371.6606445312
3782.7302246094 -1280.5087890625
2974.6472167969 -894.7465820312
5332.0000000000 -877.0000000000
2228.9006347656 -480.5820312500
-1500.5661621094 -3174.8542480469
-1925.9521484375 -3308.9836425781
-4925.4423828125 -2948.4975585938
-1633.1799316406 3143.5686035156
5413.4035644531 2024.9665527344
-1859.9816894531 -760.3012695312
4465.8635253906 -3894.8811035156
-183.9206542969 5086.1613769531
-2433.9621582031 -1497.4731445312
1684.3161621094 -781.6242675781
-3884.5241699219 -6771.2851562500
9309.9846191406 4111.0441894531
3877.6066894531 91.0153808594
1396.7338867188 -978.2448730469
3609.8898925781 64.9980468750
436.8359375000 5850.0266113281
3324.6721191406 3904.8649902344
400.1943359375 1664.8459472656
-394.3830566406 6710.1779785156
3018.8261718750 -4559.1813964844
7643.5737304688 -1448.1254882812
2207.3825683594 1516.9916992188
-1047.9360351562 -5284.6772460938
-238.5017089844 1978.8798828125
-1717.9946289062 -784.5161132812
-1803.6000976562 -2402.9143066406
-4090.8642578125 -430.2617187500
99.9538574219 -1098.7695312500
-2311.6870117188 -5603.1721191406
-2834.7827148438 698.5419921875
884.0000000000 3418.0000000000
-531.4919433594 560.9272460938
-1987.4914550781 -89.2619628906
-1271.2043457031 -322.9682617188
7508.8334960938 -2503.2600097656
2889.1269531250 866.5627441406
-2544.1997070312 -33.3068847656
406.2585449219 4252.7016601562
-4630.8586425781 70.9980468750
-2502.9299316406 1530.4218750000
-6824.4587402344 1625.0549316406
4760.7927246094 -856.1040039062
-5608.4650878906 -5640.8833007812
-5564.6093750000 3459.6821289062
-4059.7458496094 3969.0461425781
-2952.1582031250 -5944.6584472656
-933.9714355469 -1873.9428710938
-103.2675781250 2909.2436523438
1843.6872558594 1375.4567871094
-4625.4509277344 4067.9401855469
8112.4423828125 247.3212890625
-1679.4277343750 1961.8105468750
-2950.2468261719 3281.9450683594
754.4011230469 2059.3659667969
-1954.8806152344 -430.9736328125
2133.0361328125 -185.8371582031
-763.3022460938 -791.3583984375
-3053.6740722656 3197.9667968750
654.7478027344 -3150.4843750000
295.9938964844 3967.8847656250
646.9096679688 365.6091308594
-1210.1105957031 3592.6279296875
266.0000000000 2159.0000000000
2957.1210937500 4379.9086914062
826.6347656250 1234.4301757812
-1181.9511718750 4667.1875000000
1828.1042480469 -134.8955078125
-3375.7565917969 -6573.0915527344
-626.0629882812 -894.0253906250
1645.9160156250 1083.7805175781
-6831.7915039062 10806.6701660156
3389.2248535156 -3498.9687500000
1569.7026367188 85.4101562500
2064.8889160156 -419.8850097656
2566.3330078125 -1258.3298339844
-2245.9348144531 780.0322265625
1037.2680664062 -5472.0014648438
3659.4943847656 -292.5275878906
-4239.8706054688 276.9914550781
2404.2634277344 4113.2119140625
-1720.7316894531 1866.6271972656
-3018.9440917969 -2575.3701171875
563.8059082031 -115.0932617188
1405.1994628906 -5671.4721679688
-1900.4404296875 -4128.2021484375
6759.2053222656 -1526.2792968750
161.9902343750 1272.9223632812
-727.7133789062 -2177.9135742188
-639.5629882812 -2830.3647460938
-2809.8417968750 -4412.1555175781
-4210.1040039062 -183.5766601562
-974.3791503906 2152.9089355469
2661.0270996094 -412.7866210938
-3503.1516113281 -5195.3071289062
-4410.0000000000 5732.0000000000
-463.5295410156 2366.6264648438
338.7980957031 280.6076660156
5275.2480468750 -2996.9863281250
6271.3076171875 2305.1586914062
786.9211425781 -1017.9963378906
-4301.7619628906 -1245.8068847656
-2237.7194824219 1007.8234863281
376.9885253906 3372.8972167969
-4336.5786132812 -2104.1782226562
1265.3808593750 1345.7949218750
205.9609375000 -896.2622070312
938.9482421875 241.3508300781
-3412.9838867188 3310.0322265625
-5813.3591308594 -1490.6848144531
961.2744140625 6353.0268554688
-1249.9619140625 -5973.8176269531
5059.8725585938 -2227.4916992188
-4731.3447265625 1503.0905761719
-2980.2145996094 -889.6535644531
4482.2275390625 -2213.0935058594
1964.4055175781 -3136.7116699219
-3288.8540039062 1890.2258300781
-6853.9428710938 -6507.0585937500
-340.9790039062 2148.8686523438
434.8295898438 1968.6206054688
2179.1679687500 2426.1027832031
-2623.7827148438 -600.8337402344
-1228.8930664062 4482.2243652344
-1160.7795410156 537.0920410156
-2854.5805664062 7081.4409179688
-2281.2995605469 1506.0595703125
3413.0000000000 -5273.0000000000
-2426.9233398438 -1068.1633300781
567.9089355469 -4900.7790527344
804.4501953125 2986.2336425781
-861.3271484375 -3220.0610351562
-3578.5861816406 381.4982910156
5953.4213867188 -2635.7844238281
-2224.2609863281 -7464.7236328125
-5172.8420410156 -604.9814453125
6428.7485351562 -3539.0314941406
2805.2436523438 -290.3327636719
-9462.6650390625 3695.1965332031
-374.7746582031 3431.7368164062
-1010.7304687500 1747.6193847656
1922.9921875000 -2470.5156250000
3531.0317382812 610.5219726562
-784.9760742188 2376.9274902344
3255.7902832031 -3825.7219238281
-302.2028808594 -4422.3637695312
-1721.9182128906 -1696.9235839844
2111.2246093750 3649.9365234375
-1479.1313476562 141.4167480469
-2892.6499023438 4883.8608398438
-5632.1584472656 -4133.4323730469
-1362.9167480469 3156.8073730469
1534.2050781250 -3485.5061035156
500.8337402344 461.8703613281
-1536.4360351562 -7118.3039550781
-3038.9240722656 2209.8510742188
-819.4848632812 4103.9931640625
1083.8288574219 -561.5532226562
2771.1547851562 -5796.0666503906
7934.0000000000 4944.0000000000
-3654.0334472656 -3269.0434570312
-2136.7617187500 -2857.0151367188
-964.3715820312 584.1066894531
867.3337402344 -3725.3229980469
2576.2666015625 5574.5356445312
3583.1030273438 -4765.9743652344
-717.2663574219 582.1137695312
-393.9880371094 -1999.9389648438
-841.3703613281 -5878.3159179688
-2938.6918945312 1452.9555664062
-76.1669921875 2449.2353515625
269.4372558594 1114.0537109375
-9065.2915039062 2083.0473632812
4793.5769042969 -1227.5886230469
4785.8493652344 2791.0668945312
-91.9970703125 -2041.9377441406
-712.0546875000 -105.7087402344
-535.9855957031 -1501.2788085938
7216.4785156250 -390.0429687500
318.6203613281 -1332.4819335938
1004.5224609375 4012.0234375000
1267.1835937500 -3761.2233886719
2285.3005371094 4165.8596191406
299.9819335938 3437.7900390625
-3766.8364257812 -2915.7744140625
831.6401367188 1757.2675781250
-2362.0705566406 288.2348632812
10555.5800781250 771.8076171875
-220.0429687500 5258.4265136719
-3088.2604980469 6422.7495117188
-2336.4997558594 4815.5288085938
-3898.0000000000 -2042.0000000000
-1213.2001953125 -1577.6269531250
770.0480957031 3824.7419433594
1822.0112304688 3151.7495117188
-1739.6564941406 -747.6269531250
-6848.0908203125 8541.7145996094
2197.5439453125 5333.2580566406
-5287.3681640625 1075.5671386719
-3164.9033203125 2382.9272460938
-80.0195312500 -645.4768066406
5460.9411621094 2671.5021972656
1994.2539062500 162.3232421875
-9321.0004882812 -2623.2646484375
2686.2524414062 410.5405273438
1826.5729980469 3105.2912597656
3230.9321289062 983.6086425781
-2139.9345703125 -4113.8745117188
2571.0017089844 -324.9108886719
2454.2456054688 -176.1755371094
-224.4414062500 617.5329589844
-3964.0480957031 1349.5671386719
-3495.4885253906 -617.0043945312
726.1428222656 998.9785156250
1802.9475097656 -1317.3745117188
-1196.9267578125 -2242.8632812500
1757.3247070312 1341.0505371094
334.2277832031 -3172.0468750000
3441.4277343750 -2177.5102539062
4369.1689453125 701.3603515625
7077.5710449219 -4264.2839355469
-6473.8374023438 989.6496582031
459.3439941406 -1391.7390136719
1369.0000000000 -6587.0000000000
-4306.4162597656 -1687.2495117188
8557.4772949219 -1607.4475097656
-568.7758789062 2993.0576171875
-2807.9636230469 111.9624023438
4972.4045410156 -423.1564941406
3667.0019531250 -5157.4860839844
908.8000488281 -3042.2285156250
2756.9160156250 -1606.9509277344
-1151.9602050781 4059.1684570312
2155.0246582031 -2160.5170898438
-6360.0463867188 -5717.6777343750
4072.4780273438 98.2636718750
282.7392578125 2684.0866699219
-6618.5793457031 1546.1086425781
401.7392578125 1813.9448242188
-1274.9611816406 -34.9990234375
-104.9233398438 -6974.6962890625
-1968.9611816406 2627.8239746094
-2465.0336914062 -4756.6853027344
2449.8996582031 -5049.6574707031
2237.0349121094 3813.8916015625
-3732.4694824219 -828.4377441406
783.2033691406 1096.1735839844
1488.9091796875 2680.8364257812
2794.3461914062 -1278.3750000000
-2535.5810546875 460.1196289062
-1614.3535156250 -2371.7075195312
-206.7080078125 4179.3481445312
-5707.1096191406 2733.7736816406
-1083.0976562500 799.9670410156
2650.8747558594 -3821.3032226562
