-68 541
-125 944
-886 -100
520 374
-46 470
-120 779
-416 970
641 -846
192 -115
-54 846
163 966
669 768
167 -247
847 -197
-384 -885
-112 276
-917 -68
296 796
-12 -677
623 801
-770 -903
326 714
-695 -399
994 -490
677 -320
-777 780
-70 -403
-751 580
-250 -896
459 523
-127 319
-30 -669
-1000 -673
-843 -463
-832 -179
320 569
-581 -612
881 -506
-54 -135
-448 -417
509 -992
-985 -775
637 -658
-35 250
432 749
774 856
154 -532
-396 -152
44 766
160 985
-839 507
973 11
750 578
-143 653
-984 -189
-19 665
-904 -745
806 -270
-854 334
88 933
281 -369
484 14
-969 -384
669 309
-513 309
-433 -693
657 364
493 -769
-841 98
-278 -295
989 -554
-503 630
809 404
315 -567
-832 958
-278 -328
436 371
992 435
261 -709
-639 -660
-643 -232
-440 -661
-778 -323
-615 -360
84 -979
568 348
202 -798
-635 324
-285 441
-142 766
-212 352
818 898
905 -107
814 734
-582 -1000
52 381
706 -758
-714 -401
-693 -93
802 -460
587 -631
622 390
284 -76
526 830
991 256
-718 -288
358 -172
731 722
-16 78
821 518
806 156
-393 377
-171 -399
350 -320
65 550
23 55
5 600
-374 749
-775 -61
-102 -725
965 -162
307 231
910 547
-165 375
-678 133
-334 -70
-571 -229
-407 -129
568 -598
-177 -776
-906 -560
544 409
-366 -928
955 -171
427 924
-217 -172
300 969
-82 -601
565 -736
359 439
377 122
-205 998
-30 -893
-34 -371
-295 -700
774 -513
698 491
-724 -605
-32 617
838 863
-380 501
-160 -430
397 -579
-203 293
-456 662
-489 954
863 -889
582 -631
228 250
636 -359
984 36
-796 94
621 -793
-109 -241
-435 41
-676 813
-959 -283
-417 -599
741 38
-627 -559
879 -695
709 -713
890 -264
255 -461
14 373
45 -75
856 275
-760 439
408 848
457 -235
331 -850
450 -620
190 887
-33 24
555 953
-151 -308
-505 -508
-497 429
354 -560
692 294
-899 385
14 -959
-55 -369
7 -870
249 528
-348 416
332 -386
524 -440
807 -314
944 691
169 797
499 -558
-197 135
-423 -886
60 452
188 -317
973 -532
897 -778
834 -906
-982 707
-801 -953
992 -829
-638 -156
-578 893
-851 -627
-583 545
245 681
202 -591
-708 -902
551 -862
101 -940
640 229
2 105
267 -833
-15 826
412 496
-947 356
-89 -989
-740 -53
-668 661
-37 981
305 -294
-637 -895
-27 804
934 277
702 66
473 12
662 349
460 -286
-281 -123
-281 848
-669 496
-844 -796
551 11
-290 -263
352 -400
-957 -538
-62 -772
107 552
-38 762
-40 -93
-965 -174
-370 -665
709 817
202 699
-359 270
-924 402
123 -767
-262 -508
428 -94
675 474
331 -176
529 227
891 654
-609 -7
816 -877
785 5
-12 345
605 -191
-399 -414
-622 -669
-608 -635
285 234
-288 212
-276 939
-221 -203
-344 -502
-279 885
930 -205
261 -247
-988 276
489 -545
-415 706
604 241
-909 970
891 -527
-941 -803
-229 106
-966 183
-330 30
-733 -692
-486 -573
222 145
91 -28
823 -725
59 -391
190 828
-20 -251
184 -235
-945 938
-779 -750
167 654
-162 -77
-902 37
383 333
-804 936
837 144
945 -592
-493 -671
-900 -956
69 793
259 -924
653 -100
897 475
-244 453
-276 525
-641 -964
668 428
967 -586
-881 -771
950 342
-338 713
-392 -559
-949 -320
751 300
23 47
923 -309
-924 461
-495 -537
37 789
432 -339
-271 -760
807 850
554 791
-167 234
-482 831
-821 649
73 224
-579 -755
-893 -172
463 801
637 -845
-442 247
-858 -870
313 485
-914 961
-625 764
-6 125
841 -141
-135 -962
902 -443
263 -985
-420 995
406 793
-940 110
394 232
-732 124
730 414
-105 -673
-846 -349
-519 -868
108 837
-415 963
907 162
-437 76
-568 -37
127 301
-875 -509
530 13
-756 488
437 876
629 -682
406 698
323 100
694 697
-160 919
894 11
593 -635
681 859
-388 -531
825 690
661 -157
658 -539
-823 -87
908 479
-470 -390
316 793
-418 787
186 -651
-437 768
-926 -857
-32 -90
-22 -398
-606 -697
564 -989
484 17
-267 -666
301 888
910 -525
587 635
-71 -728
-755 582
310 460
-262 34
293 514
-80 116
-61 -861
-971 370
962 -233
-732 554
-933 338
-188 -359
-811 723
854 947
-85 -82
326 -844
-405 -378
129 -187
751 -23
-356 866
798 396
710 568
-933 749
614 173
472 -244
661 909
456 496
869 -574
318 -384
-8 -238
170 -924
-452 612
747 -369
583 -442
164 -581
-615 -319
208 -463
137 -706
416 301
-239 611
-631 528
183 502
-741 -33
-30 581
41 -410
-292 -29
-870 663
525 -276
943 124
-765 510
-550 -833
-207 -934
-209 -592
104 276
870 703
-990 930
315 556
57 -720
-48 179
40 -633
507 226
-147 785
-543 -264
-745 935
-21 -126
822 345
-762 637
571 442
-407 470
746 35
746 855
963 576
569 -482
898 -523
592 -600
-655 -415
-331 -1000
-526 859
-927 -871
-317 464
-192 352
-162 -19
-459 -793
215 -485
523 199
-368 621
104 124
-243 -739
248 -713
766 559
568 -420
-56 254
123 877
-318 -953
670 206
175 924
760 -932
-280 -140
878 738
848 638
-245 669
690 -490
-841 -594
281 -400
-316 -92
106 384
604 151
-285 818
-669 -537
442 304
12 -250
-13 -782
2 -256
938 580
-579 -552
-439 -989
-579 956
-675 383
-690 121
860 -123
-406 -718
597 -48
615 942
258 227
-791 940
18 743
-828 421
278 877
496 -595
853 422
713 -209
-33 -964
-564 -676
51 -771
343 -609
-611 -184
33 -925
-11 -790
-473 545
-22 788
473 633
887 -730
-733 71
423 11
-852 -441
-28 922
-410 -6
-525 384
261 -420
323 -6
505 375
-235 898
646 520
695 -606
108 -524
323 -561
-24 -334
505 752
154 992
851 15
-601 430
478 -115
958 -427
494 206
510 -543
-887 632
-233 638
386 -539
624 -82
-36 -842
344 235
548 720
910 -113
816 241
115 550
772 215
364 -325
-317 -828
81 -705
-644 950
752 -256
84 291
316 -785
269 -481
-359 -92
626 947
-137 242
-330 -49
957 970
-703 229
-700 921
-716 234
449 211
237 655
-514 -605
606 564
-361 353
475 647
-418 274
-743 809
-701 884
591 944
204 -838
-972 -736
43 -727
893 -859
-411 865
483 8
-501 -529
936 -733
-76 -197
640 -215
-649 233
-567 -505
-754 -966
228 757
-134 -847
-371 902
132 167
-585 797
-479 23
-779 40
283 375
-730 470
-391 -982
38 677
226 -261
-690 -201
733 66
430 794
-686 80
-289 -468
116 -684
-678 -173
889 374
711 562
767 228
18 829
149 277
941 -833
468 835
-28 -254
138 884
516 -79
-278 -712
-38 172
-199 438
121 -810
-460 614
561 792
-831 -627
594 -37
-930 364
882 -306
-318 387
-9 213
713 -860
-958 -402
18 659
-578 -147
229 31
218 -219
-761 470
-396 -773
995 -890
-537 545
-960 280
-474 32
-449 332
-985 392
243 128
-769 927
-349 820
-334 -195
448 712
-861 908
-504 279
-440 428
-560 -473
548 -423
881 -144
-218 977
879 406
37 -329
-792 819
929 -876
-809 277
-941 -699
-451 517
-980 -73
448 238
-655 227
-63 -361
512 -193
106 -431
-163 11
-710 367
-41 219
708 -331
519 -341
460 -378
647 857
-525 166
696 283
461 -397
-236 -254
-733 504
348 349
174 774
537 -52
356 -749
559 -222
-958 -720
-844 981
243 230
-531 345
-422 -865
220 230
358 252
757 -423
-21 -508
-213 813
-873 -14
446 701
675 213
39 -517
-412 506
-801 -774
627 584
222 -407
460 -529
-496 -618
469 829
527 307
217 -315
-825 773
841 -426
178 744
436 -658
-396 -561
828 131
428 688
-309 285
36 -400
650 -564
-282 -865
-838 -911
-858 214
-723 887
-675 823
-689 -789
-293 659
-478 -834
108 589
553 -684
-60 -385
151 -404
-439 429
492 -985
453 98
-283 -411
-3 -73
188 299
856 637
275 845
534 -308
371 581
-625 839
-542 397
-462 -369
639 -786
697 264
779 -848
-834 314
93 768
-437 -729
-501 -586
-965 891
-461 -705
273 92
616 -560
931 946
-788 -545
776 228
-337 -208
355 -866
750 -84
-364 -911
269 525
-734 334
-627 -229
-164 758
161 -710
803 -678
-279 755
774 -347
-73 9
233 880
-831 -504
817 -224
91 -317
4 -372
-349 -759
-822 504
634 952
385 657
-158 -511
717 -745
-705 935
85 -823
-578 564
-358 -429
-964 -260
876 -806
785 -485
175 958
-701 98
54 345
64 -297
862 221
989 -58
-690 623
-935 809
1 176
664 823
-539 334
-265 -857
-966 499
446 -729
854 -999
975 -472
-632 317
366 -238
232 -282
244 881
329 394
754 172
-224 491
-177 -703
34 -817
476 268
-843 23
639 798
274 798
609 -480
936 545
140 77
-235 -392
-642 489
394 -84
828 948
-698 289
-2 -941
-929 -905
154 -976
-195 121
-7 -432
465 139
821 -979
27 373
8 877
288 65
-434 -303
-165 -894
-219 -613
-849 414
-42 -717
835 -612
204 993
741 54
-650 -326
198 800
-9 194
959 250
788 468
4 279
-354 -699
421 -309
-478 -555
385 -908
-607 170
-657 116
178 -868
-767 -846
766 -891
-394 -765
469 -666
929 74
247 -61
31 989
-141 -53
-391 543
138 -843
-798 -261
-805 -126
831 -832
-582 -471
224 -904
93 882
522 -279
574 -549
-342 951
-42 -890
721 900
-301 -900
395 518
882 -318
-100 39
22 813
-454 924
-487 -470
410 608
-48 -778
791 966
-912 -761
675 -840
40 277
291 648
191 -407
750 664
853 883
-691 137
925 746
-860 -569
179 -968
-984 231
-354 -883
-89 -335
-709 350
-3 491
445 -980
-314 -269
128 508
650 996
398 -441
37 -388
233 822
951 -315
367 653
980 242
-216 975
-544 821
-607 -970
-149 -833
106 -481
-213 -743
525 906
-510 401
667 -578
287 642
470 733
132 35
-168 -601
-790 544
300 -571
-482 -240
139 658
-503 767
-390 -296
570 -439
-580 929
699 -535
609 -859
530 395
-152 -508
-96 -83
-544 432
639 661
125 769
-369 -241
-683 424
-714 29
-490 850
582 -828
647 -912
-207 -356
-598 851
-213 -925
-285 -851
-620 794
-388 367
163 24
292 -251
-525 -816
620 -69
312 -813
142 321
-691 -206
255 -153
-517 -7
814 388
-796 -838
-306 -545
528 -558
965 983
-294 0
-118 720
-367 -480
-92 -492
-158 185
-973 138
-65 -154
891 878
488 -849
-460 847
-934 -641
-581 583
733 89
-116 -881
-26 437
567 -896
-392 -61
-911 -986
-873 -976
636 192
-772 814
-952 -767
262 507
419 135
143 517
-179 -811
-585 766
701 597
44 -401
