15872.0000000000 0.0000000000
-512.0000000000 5198.4232384557
-512.0000000000 2573.9978199684
-512.0000000000 1687.8378029764
-512.0000000000 1236.0773439350
-512.0000000000 957.8846268362
-512.0000000000 766.2621504847
-512.0000000000 623.8738051010
-512.0000000000 512.0000000000
-512.0000000000 420.1875409043
-512.0000000000 342.1074626147
-512.0000000000 273.6697016068
-512.0000000000 212.0773439350
-512.0000000000 155.3135020070
-512.0000000000 101.8431320984
-512.0000000000 50.4275985189
-512.0000000000 0.0000000000
-512.0000000000 -50.4275985189
-512.0000000000 -101.8431320984
-512.0000000000 -155.3135020070
-512.0000000000 -212.0773439350
-512.0000000000 -273.6697016068
-512.0000000000 -342.1074626147
-512.0000000000 -420.1875409043
-512.0000000000 -512.0000000000
-512.0000000000 -623.8738051010
-512.0000000000 -766.2621504847
-512.0000000000 -957.8846268362
-512.0000000000 -1236.0773439350
-512.0000000000 -1687.8378029764
-512.0000000000 -2573.9978199684
-512.0000000000 -5198.4232384557
15904.0000000000 0.0000000000
-512.0000000000 5198.4232384557
-512.0000000000 2573.9978199684
-512.0000000000 1687.8378029764
-512.0000000000 1236.0773439350
-512.0000000000 957.8846268362
-512.0000000000 766.2621504847
-512.0000000000 623.8738051010
-512.0000000000 512.0000000000
-512.0000000000 420.1875409043
-512.0000000000 342.1074626147
-512.0000000000 273.6697016068
-512.0000000000 212.0773439350
-512.0000000000 155.3135020070
-512.0000000000 101.8431320984
-512.0000000000 50.4275985189
-512.0000000000 0.0000000000
-512.0000000000 -50.4275985189
-512.0000000000 -101.8431320984
-512.0000000000 -155.3135020070
-512.0000000000 -212.0773439350
-512.0000000000 -273.6697016068
-512.0000000000 -342.1074626147
-512.0000000000 -420.1875409043
-512.0000000000 -512.0000000000
-512.0000000000 -623.8738051010
-512.0000000000 -766.2621504847
-512.0000000000 -957.8846268362
-512.0000000000 -1236.0773439350
-512.0000000000 -1687.8378029764
-512.0000000000 -2573.9978199684
-512.0000000000 -5198.4232384557
15936.0000000000 0.0000000000
-512.0000000000 5198.4232384557
-512.0000000000 2573.9978199684
-512.0000000000 1687.8378029764
-512.0000000000 1236.0773439350
-512.0000000000 957.8846268362
-512.0000000000 766.2621504847
-512.0000000000 623.8738051010
-512.0000000000 512.0000000000
-512.0000000000 420.1875409043
-512.0000000000 342.1074626147
-512.0000000000 273.6697016068
-512.0000000000 212.0773439350
-512.0000000000 155.3135020070
-512.0000000000 101.8431320984
-512.0000000000 50.4275985189
-512.0000000000 0.0000000000
-512.0000000000 -50.4275985189
-512.0000000000 -101.8431320984
-512.0000000000 -155.3135020070
-512.0000000000 -212.0773439350
-512.0000000000 -273.6697016068
-512.0000000000 -342.1074626147
-512.0000000000 -420.1875409043
-512.0000000000 -512.0000000000
-512.0000000000 -623.8738051010
-512.0000000000 -766.2621504847
-512.0000000000 -957.8846268362
-512.0000000000 -1236.0773439350
-512.0000000000 -1687.8378029764
-512.0000000000 -2573.9978199684
-512.0000000000 -5198.4232384557
15968.0000000000 0.0000000000
-512.0000000000 5198.4232384557
-512.0000000000 2573.9978199684
-512.0000000000 1687.8378029764
-512.0000000000 1236.0773439350
-512.0000000000 957.8846268362
-512.0000000000 766.2621504847
-512.0000000000 623.8738051010
-512.0000000000 512.0000000000
-512.0000000000 420.1875409043
-512.0000000000 342.1074626147
-512.0000000000 273.6697016068
-512.0000000000 212.0773439350
-512.0000000000 155.3135020070
-512.0000000000 101.8431320984
-512.0000000000 50.4275985189
-512.0000000000 0.0000000000
-512.0000000000 -50.4275985189
-512.0000000000 -101.8431320984
-512.0000000000 -155.3135020070
-512.0000000000 -212.0773439350
-512.0000000000 -273.6697016068
-512.0000000000 -342.1074626147
-512.0000000000 -420.1875409043
-512.0000000000 -512.0000000000
-512.0000000000 -623.8738051010
-512.0000000000 -766.2621504847
-512.0000000000 -957.8846268362
-512.0000000000 -1236.0773439350
-512.0000000000 -1687.8378029764
-512.0000000000 -2573.9978199684
-512.0000000000 -5198.4232384557
16000.0000000000 0.0000000000
-512.0000000000 5198.4232384557
-512.0000000000 2573.9978199684
-512.0000000000 1687.8378029764
-512.0000000000 1236.0773439350
-512.0000000000 957.8846268362
-512.0000000000 766.2621504847
-512.0000000000 623.8738051010
-512.0000000000 512.0000000000
-512.0000000000 420.1875409043
-512.0000000000 342.1074626147
-512.0000000000 273.6697016068
-512.0000000000 212.0773439350
-512.0000000000 155.3135020070
-512.0000000000 101.8431320984
-512.0000000000 50.4275985189
-512.0000000000 0.0000000000
-512.0000000000 -50.4275985189
-512.0000000000 -101.8431320984
-512.0000000000 -155.3135020070
-512.0000000000 -212.0773439350
-512.0000000000 -273.6697016068
-512.0000000000 -342.1074626147
-512.0000000000 -420.1875409043
-512.0000000000 -512.0000000000
-512.0000000000 -623.8738051010
-512.0000000000 -766.2621504847
-512.0000000000 -957.8846268362
-512.0000000000 -1236.0773439350
-512.0000000000 -1687.8378029764
-512.0000000000 -2573.9978199684
-512.0000000000 -5198.4232384557
16032.0000000000 0.0000000000
-512.0000000000 5198.4232384557
-512.0000000000 2573.9978199684
-512.0000000000 1687.8378029764
-512.0000000000 1236.0773439350
-512.0000000000 957.8846268362
-512.0000000000 766.2621504847
-512.0000000000 623.8738051010
-512.0000000000 512.0000000000
-512.0000000000 420.1875409043
-512.0000000000 342.1074626147
-512.0000000000 273.6697016068
-512.0000000000 212.0773439350
-512.0000000000 155.3135020070
-512.0000000000 101.8431320984
-512.0000000000 50.4275985189
-512.0000000000 0.0000000000
-512.0000000000 -50.4275985189
-512.0000000000 -101.8431320984
-512.0000000000 -155.3135020070
-512.0000000000 -212.0773439350
-512.0000000000 -273.6697016068
-512.0000000000 -342.1074626147
-512.0000000000 -420.1875409043
-512.0000000000 -512.0000000000
-512.0000000000 -623.8738051010
-512.0000000000 -766.2621504847
-512.0000000000 -957.8846268362
-512.0000000000 -1236.0773439350
-512.0000000000 -1687.8378029764
-512.0000000000 -2573.9978199684
-512.0000000000 -5198.4232384557
16064.0000000000 0.0000000000
-512.0000000000 5198.4232384557
-512.0000000000 2573.9978199684
-512.0000000000 1687.8378029764
-512.0000000000 1236.0773439350
-512.0000000000 957.8846268362
-512.0000000000 766.2621504847
-512.0000000000 623.8738051010
-512.0000000000 512.0000000000
-512.0000000000 420.1875409043
-512.0000000000 342.1074626147
-512.0000000000 273.6697016068
-512.0000000000 212.0773439350
-512.0000000000 155.3135020070
-512.0000000000 101.8431320984
-512.0000000000 50.4275985189
-512.0000000000 0.0000000000
-512.0000000000 -50.4275985189
-512.0000000000 -101.8431320984
-512.0000000000 -155.3135020070
-512.0000000000 -212.0773439350
-512.0000000000 -273.6697016068
-512.0000000000 -342.1074626147
-512.0000000000 -420.1875409043
-512.0000000000 -512.0000000000
-512.0000000000 -623.8738051010
-512.0000000000 -766.2621504847
-512.0000000000 -957.8846268362
-512.0000000000 -1236.0773439350
-512.0000000000 -1687.8378029764
-512.0000000000 -2573.9978199684
-512.0000000000 -5198.4232384557
16096.0000000000 0.0000000000
-512.0000000000 5198.4232384557
-512.0000000000 2573.9978199684
-512.0000000000 1687.8378029764
-512.0000000000 1236.0773439350
-512.0000000000 957.8846268362
-512.0000000000 766.2621504847
-512.0000000000 623.8738051010
-512.0000000000 512.0000000000
-512.0000000000 420.1875409043
-512.0000000000 342.1074626147
-512.0000000000 273.6697016068
-512.0000000000 212.0773439350
-512.0000000000 155.3135020070
-512.0000000000 101.8431320984
-512.0000000000 50.4275985189
-512.0000000000 0.0000000000
-512.0000000000 -50.4275985189
-512.0000000000 -101.8431320984
-512.0000000000 -155.3135020070
-512.0000000000 -212.0773439350
-512.0000000000 -273.6697016068
-512.0000000000 -342.1074626147
-512.0000000000 -420.1875409043
-512.0000000000 -512.0000000000
-512.0000000000 -623.8738051010
-512.0000000000 -766.2621504847
-512.0000000000 -957.8846268362
-512.0000000000 -1236.0773439350
-512.0000000000 -1687.8378029764
-512.0000000000 -2573.9978199684
-512.0000000000 -5198.4232384557
16128.0000000000 0.0000000000
-512.0000000000 5198.4232384557
-512.0000000000 2573.9978199684
-512.0000000000 1687.8378029764
-512.0000000000 1236.0773439350
-512.0000000000 957.8846268362
-512.0000000000 766.2621504847
-512.0000000000 623.8738051010
-512.0000000000 512.0000000000
-512.0000000000 420.1875409043
-512.0000000000 342.1074626147
-512.0000000000 273.6697016068
-512.0000000000 212.0773439350
-512.0000000000 155.3135020070
-512.0000000000 101.8431320984
-512.0000000000 50.4275985189
-512.0000000000 0.0000000000
-512.0000000000 -50.4275985189
-512.0000000000 -101.8431320984
-512.0000000000 -155.3135020070
-512.0000000000 -212.0773439350
-512.0000000000 -273.6697016068
-512.0000000000 -342.1074626147
-512.0000000000 -420.1875409043
-512.0000000000 -512.0000000000
-512.0000000000 -623.8738051010
-512.0000000000 -766.2621504847
-512.0000000000 -957.8846268362
-512.0000000000 -1236.0773439350
-512.0000000000 -1687.8378029764
-512.0000000000 -2573.9978199684
-512.0000000000 -5198.4232384557
16160.0000000000 0.0000000000
-512.0000000000 5198.4232384557
-512.0000000000 2573.9978199684
-512.0000000000 1687.8378029764
-512.0000000000 1236.0773439350
-512.0000000000 957.8846268362
-512.0000000000 766.2621504847
-512.0000000000 623.8738051010
-512.0000000000 512.0000000000
-512.0000000000 420.1875409043
-512.0000000000 342.1074626147
-512.0000000000 273.6697016068
-512.0000000000 212.0773439350
-512.0000000000 155.3135020070
-512.0000000000 101.8431320984
-512.0000000000 50.4275985189
-512.0000000000 0.0000000000
-512.0000000000 -50.4275985189
-512.0000000000 -101.8431320984
-512.0000000000 -155.3135020070
-512.0000000000 -212.0773439350
-512.0000000000 -273.6697016068
-512.0000000000 -342.1074626147
-512.0000000000 -420.1875409043
-512.0000000000 -512.0000000000
-512.0000000000 -623.8738051010
-512.0000000000 -766.2621504847
-512.0000000000 -957.8846268362
-512.0000000000 -1236.0773439350
-512.0000000000 -1687.8378029764
-512.0000000000 -2573.9978199684
-512.0000000000 -5198.4232384557
16192.0000000000 0.0000000000
-512.0000000000 5198.4232384557
-512.0000000000 2573.9978199684
-512.0000000000 1687.8378029764
-512.0000000000 1236.0773439350
-512.0000000000 957.8846268362
-512.0000000000 766.2621504847
-512.0000000000 623.8738051010
-512.0000000000 512.0000000000
-512.0000000000 420.1875409043
-512.0000000000 342.1074626147
-512.0000000000 273.6697016068
-512.0000000000 212.0773439350
-512.0000000000 155.3135020070
-512.0000000000 101.8431320984
-512.0000000000 50.4275985189
-512.0000000000 0.0000000000
-512.0000000000 -50.4275985189
-512.0000000000 -101.8431320984
-512.0000000000 -155.3135020070
-512.0000000000 -212.0773439350
-512.0000000000 -273.6697016068
-512.0000000000 -342.1074626147
-512.0000000000 -420.1875409043
-512.0000000000 -512.0000000000
-512.0000000000 -623.8738051010
-512.0000000000 -766.2621504847
-512.0000000000 -957.8846268362
-512.0000000000 -1236.0773439350
-512.0000000000 -1687.8378029764
-512.0000000000 -2573.9978199684
-512.0000000000 -5198.4232384557
16224.0000000000 0.0000000000
-512.0000000000 5198.4232384557
-512.0000000000 2573.9978199684
-512.0000000000 1687.8378029764
-512.0000000000 1236.0773439350
-512.0000000000 957.8846268362
-512.0000000000 766.2621504847
-512.0000000000 623.8738051010
-512.0000000000 512.0000000000
-512.0000000000 420.1875409043
-512.0000000000 342.1074626147
-512.0000000000 273.6697016068
-512.0000000000 212.0773439350
-512.0000000000 155.3135020070
-512.0000000000 101.8431320984
-512.0000000000 50.4275985189
-512.0000000000 0.0000000000
-512.0000000000 -50.4275985189
-512.0000000000 -101.8431320984
-512.0000000000 -155.3135020070
-512.0000000000 -212.0773439350
-512.0000000000 -273.6697016068
-512.0000000000 -342.1074626147
-512.0000000000 -420.1875409043
-512.0000000000 -512.0000000000
-512.0000000000 -623.8738051010
-512.0000000000 -766.2621504847
-512.0000000000 -957.8846268362
-512.0000000000 -1236.0773439350
-512.0000000000 -1687.8378029764
-512.0000000000 -2573.9978199684
-512.0000000000 -5198.4232384557
16256.0000000000 0.0000000000
-512.0000000000 5198.4232384557
-512.0000000000 2573.9978199684
-512.0000000000 1687.8378029764
-512.0000000000 1236.0773439350
-512.0000000000 957.8846268362
-512.0000000000 766.2621504847
-512.0000000000 623.8738051010
-512.0000000000 512.0000000000
-512.0000000000 420.1875409043
-512.0000000000 342.1074626147
-512.0000000000 273.6697016068
-512.0000000000 212.0773439350
-512.0000000000 155.3135020070
-512.0000000000 101.8431320984
-512.0000000000 50.4275985189
-512.0000000000 0.0000000000
-512.0000000000 -50.4275985189
-512.0000000000 -101.8431320984
-512.0000000000 -155.3135020070
-512.0000000000 -212.0773439350
-512.0000000000 -273.6697016068
-512.0000000000 -342.1074626147
-512.0000000000 -420.1875409043
-512.0000000000 -512.0000000000
-512.0000000000 -623.8738051010
-512.0000000000 -766.2621504847
-512.0000000000 -957.8846268362
-512.0000000000 -1236.0773439350
-512.0000000000 -1687.8378029764
-512.0000000000 -2573.9978199684
-512.0000000000 -5198.4232384557
16288.0000000000 0.0000000000
-512.0000000000 5198.4232384557
-512.0000000000 2573.9978199684
-512.0000000000 1687.8378029764
-512.0000000000 1236.0773439350
-512.0000000000 957.8846268362
-512.0000000000 766.2621504847
-512.0000000000 623.8738051010
-512.0000000000 512.0000000000
-512.0000000000 420.1875409043
-512.0000000000 342.1074626147
-512.0000000000 273.6697016068
-512.0000000000 212.0773439350
-512.0000000000 155.3135020070
-512.0000000000 101.8431320984
-512.0000000000 50.4275985189
-512.0000000000 0.0000000000
-512.0000000000 -50.4275985189
-512.0000000000 -101.8431320984
-512.0000000000 -155.3135020070
-512.0000000000 -212.0773439350
-512.0000000000 -273.6697016068
-512.0000000000 -342.1074626147
-512.0000000000 -420.1875409043
-512.0000000000 -512.0000000000
-512.0000000000 -623.8738051010
-512.0000000000 -766.2621504847
-512.0000000000 -957.8846268362
-512.0000000000 -1236.0773439350
-512.0000000000 -1687.8378029764
-512.0000000000 -2573.9978199684
-512.0000000000 -5198.4232384557
16320.0000000000 0.0000000000
-512.0000000000 5198.4232384557
-512.0000000000 2573.9978199684
-512.0000000000 1687.8378029764
-512.0000000000 1236.0773439350
-512.0000000000 957.8846268362
-512.0000000000 766.2621504847
-512.0000000000 623.8738051010
-512.0000000000 512.0000000000
-512.0000000000 420.1875409043
-512.0000000000 342.1074626147
-512.0000000000 273.6697016068
-512.0000000000 212.0773439350
-512.0000000000 155.3135020070
-512.0000000000 101.8431320984
-512.0000000000 50.4275985189
-512.0000000000 0.0000000000
-512.0000000000 -50.4275985189
-512.0000000000 -101.8431320984
-512.0000000000 -155.3135020070
-512.0000000000 -212.0773439350
-512.0000000000 -273.6697016068
-512.0000000000 -342.1074626147
-512.0000000000 -420.1875409043
-512.0000000000 -512.0000000000
-512.0000000000 -623.8738051010
-512.0000000000 -766.2621504847
-512.0000000000 -957.8846268362
-512.0000000000 -1236.0773439350
-512.0000000000 -1687.8378029764
-512.0000000000 -2573.9978199684
-512.0000000000 -5198.4232384557
16352.0000000000 0.0000000000
-512.0000000000 5198.4232384557
-512.0000000000 2573.9978199684
-512.0000000000 1687.8378029764
-512.0000000000 1236.0773439350
-512.0000000000 957.8846268362
-512.0000000000 766.2621504847
-512.0000000000 623.8738051010
-512.0000000000 512.0000000000
-512.0000000000 420.1875409043
-512.0000000000 342.1074626147
-512.0000000000 273.6697016068
-512.0000000000 212.0773439350
-512.0000000000 155.3135020070
-512.0000000000 101.8431320984
-512.0000000000 50.4275985189
-512.0000000000 0.0000000000
-512.0000000000 -50.4275985189
-512.0000000000 -101.8431320984
-512.0000000000 -155.3135020070
-512.0000000000 -212.0773439350
-512.0000000000 -273.6697016068
-512.0000000000 -342.1074626147
-512.0000000000 -420.1875409043
-512.0000000000 -512.0000000000
-512.0000000000 -623.8738051010
-512.0000000000 -766.2621504847
-512.0000000000 -957.8846268362
-512.0000000000 -1236.0773439350
-512.0000000000 -1687.8378029764
-512.0000000000 -2573.9978199684
-512.0000000000 -5198.4232384557
16384.0000000000 0.0000000000
-512.0000000000 5198.4232384557
-512.0000000000 2573.9978199684
-512.0000000000 1687.8378029764
-512.0000000000 1236.0773439350
-512.0000000000 957.8846268362
-512.0000000000 766.2621504847
-512.0000000000 623.8738051010
-512.0000000000 512.0000000000
-512.0000000000 420.1875409043
-512.0000000000 342.1074626147
-512.0000000000 273.6697016068
-512.0000000000 212.0773439350
-512.0000000000 155.3135020070
-512.0000000000 101.8431320984
-512.0000000000 50.4275985189
-512.0000000000 0.0000000000
-512.0000000000 -50.4275985189
-512.0000000000 -101.8431320984
-512.0000000000 -155.3135020070
-512.0000000000 -212.0773439350
-512.0000000000 -273.6697016068
-512.0000000000 -342.1074626147
-512.0000000000 -420.1875409043
-512.0000000000 -512.0000000000
-512.0000000000 -623.8738051010
-512.0000000000 -766.2621504847
-512.0000000000 -957.8846268362
-512.0000000000 -1236.0773439350
-512.0000000000 -1687.8378029764
-512.0000000000 -2573.9978199684
-512.0000000000 -5198.4232384557
16416.0000000000 0.0000000000
-512.0000000000 5198.4232384557
-512.0000000000 2573.9978199684
-512.0000000000 1687.8378029764
-512.0000000000 1236.0773439350
-512.0000000000 957.8846268362
-512.0000000000 766.2621504847
-512.0000000000 623.8738051010
-512.0000000000 512.0000000000
-512.0000000000 420.1875409043
-512.0000000000 342.1074626147
-512.0000000000 273.6697016068
-512.0000000000 212.0773439350
-512.0000000000 155.3135020070
-512.0000000000 101.8431320984
-512.0000000000 50.4275985189
-512.0000000000 0.0000000000
-512.0000000000 -50.4275985189
-512.0000000000 -101.8431320984
-512.0000000000 -155.3135020070
-512.0000000000 -212.0773439350
-512.0000000000 -273.6697016068
-512.0000000000 -342.1074626147
-512.0000000000 -420.1875409043
-512.0000000000 -512.0000000000
-512.0000000000 -623.8738051010
-512.0000000000 -766.2621504847
-512.0000000000 -957.8846268362
-512.0000000000 -1236.0773439350
-512.0000000000 -1687.8378029764
-512.0000000000 -2573.9978199684
-512.0000000000 -5198.4232384557
16448.0000000000 0.0000000000
-512.0000000000 5198.4232384557
-512.0000000000 2573.9978199684
-512.0000000000 1687.8378029764
-512.0000000000 1236.0773439350
-512.0000000000 957.8846268362
-512.0000000000 766.2621504847
-512.0000000000 623.8738051010
-512.0000000000 512.0000000000
-512.0000000000 420.1875409043
-512.0000000000 342.1074626147
-512.0000000000 273.6697016068
-512.0000000000 212.0773439350
-512.0000000000 155.3135020070
-512.0000000000 101.8431320984
-512.0000000000 50.4275985189
-512.0000000000 0.0000000000
-512.0000000000 -50.4275985189
-512.0000000000 -101.8431320984
-512.0000000000 -155.3135020070
-512.0000000000 -212.0773439350
-512.0000000000 -273.6697016068
-512.0000000000 -342.1074626147
-512.0000000000 -420.1875409043
-512.0000000000 -512.0000000000
-512.0000000000 -623.8738051010
-512.0000000000 -766.2621504847
-512.0000000000 -957.8846268362
-512.0000000000 -1236.0773439350
-512.0000000000 -1687.8378029764
-512.0000000000 -2573.9978199684
-512.0000000000 -5198.4232384557
16480.0000000000 0.0000000000
-512.0000000000 5198.4232384557
-512.0000000000 2573.9978199684
-512.0000000000 1687.8378029764
-512.0000000000 1236.0773439350
-512.0000000000 957.8846268362
-512.0000000000 766.2621504847
-512.0000000000 623.8738051010
-512.0000000000 512.0000000000
-512.0000000000 420.1875409043
-512.0000000000 342.1074626147
-512.0000000000 273.6697016068
-512.0000000000 212.0773439350
-512.0000000000 155.3135020070
-512.0000000000 101.8431320984
-512.0000000000 50.4275985189
-512.0000000000 0.0000000000
-512.0000000000 -50.4275985189
-512.0000000000 -101.8431320984
-512.0000000000 -155.3135020070
-512.0000000000 -212.0773439350
-512.0000000000 -273.6697016068
-512.0000000000 -342.1074626147
-512.0000000000 -420.1875409043
-512.0000000000 -512.0000000000
-512.0000000000 -623.8738051010
-512.0000000000 -766.2621504847
-512.0000000000 -957.8846268362
-512.0000000000 -1236.0773439350
-512.0000000000 -1687.8378029764
-512.0000000000 -2573.9978199684
-512.0000000000 -5198.4232384557
16512.0000000000 0.0000000000
-512.0000000000 5198.4232384557
-512.0000000000 2573.9978199684
-512.0000000000 1687.8378029764
-512.0000000000 1236.0773439350
-512.0000000000 957.8846268362
-512.0000000000 766.2621504847
-512.0000000000 623.8738051010
-512.0000000000 512.0000000000
-512.0000000000 420.1875409043
-512.0000000000 342.1074626147
-512.0000000000 273.6697016068
-512.0000000000 212.0773439350
-512.0000000000 155.3135020070
-512.0000000000 101.8431320984
-512.0000000000 50.4275985189
-512.0000000000 0.0000000000
-512.0000000000 -50.4275985189
-512.0000000000 -101.8431320984
-512.0000000000 -155.3135020070
-512.0000000000 -212.0773439350
-512.0000000000 -273.6697016068
-512.0000000000 -342.1074626147
-512.0000000000 -420.1875409043
-512.0000000000 -512.0000000000
-512.0000000000 -623.8738051010
-512.0000000000 -766.2621504847
-512.0000000000 -957.8846268362
-512.0000000000 -1236.0773439350
-512.0000000000 -1687.8378029764
-512.0000000000 -2573.9978199684
-512.0000000000 -5198.4232384557
16544.0000000000 0.0000000000
-512.0000000000 5198.4232384557
-512.0000000000 2573.9978199684
-512.0000000000 1687.8378029764
-512.0000000000 1236.0773439350
-512.0000000000 957.8846268362
-512.0000000000 766.2621504847
-512.0000000000 623.8738051010
-512.0000000000 512.0000000000
-512.0000000000 420.1875409043
-512.0000000000 342.1074626147
-512.0000000000 273.6697016068
-512.0000000000 212.0773439350
-512.0000000000 155.3135020070
-512.0000000000 101.8431320984
-512.0000000000 50.4275985189
-512.0000000000 0.0000000000
-512.0000000000 -50.4275985189
-512.0000000000 -101.8431320984
-512.0000000000 -155.3135020070
-512.0000000000 -212.0773439350
-512.0000000000 -273.6697016068
-512.0000000000 -342.1074626147
-512.0000000000 -420.1875409043
-512.0000000000 -512.0000000000
-512.0000000000 -623.8738051010
-512.0000000000 -766.2621504847
-512.0000000000 -957.8846268362
-512.0000000000 -1236.0773439350
-512.0000000000 -1687.8378029764
-512.0000000000 -2573.9978199684
-512.0000000000 -5198.4232384557
16576.0000000000 0.0000000000
-512.0000000000 5198.4232384557
-512.0000000000 2573.9978199684
-512.0000000000 1687.8378029764
-512.0000000000 1236.0773439350
-512.0000000000 957.8846268362
-512.0000000000 766.2621504847
-512.0000000000 623.8738051010
-512.0000000000 512.0000000000
-512.0000000000 420.1875409043
-512.0000000000 342.1074626147
-512.0000000000 273.6697016068
-512.0000000000 212.0773439350
-512.0000000000 155.3135020070
-512.0000000000 101.8431320984
-512.0000000000 50.4275985189
-512.0000000000 0.0000000000
-512.0000000000 -50.4275985189
-512.0000000000 -101.8431320984
-512.0000000000 -155.3135020070
-512.0000000000 -212.0773439350
-512.0000000000 -273.6697016068
-512.0000000000 -342.1074626147
-512.0000000000 -420.1875409043
-512.0000000000 -512.0000000000
-512.0000000000 -623.8738051010
-512.0000000000 -766.2621504847
-512.0000000000 -957.8846268362
-512.0000000000 -1236.0773439350
-512.0000000000 -1687.8378029764
-512.0000000000 -2573.9978199684
-512.0000000000 -5198.4232384557
16608.0000000000 0.0000000000
-512.0000000000 5198.4232384557
-512.0000000000 2573.9978199684
-512.0000000000 1687.8378029764
-512.0000000000 1236.0773439350
-512.0000000000 957.8846268362
-512.0000000000 766.2621504847
-512.0000000000 623.8738051010
-512.0000000000 512.0000000000
-512.0000000000 420.1875409043
-512.0000000000 342.1074626147
-512.0000000000 273.6697016068
-512.0000000000 212.0773439350
-512.0000000000 155.3135020070
-512.0000000000 101.8431320984
-512.0000000000 50.4275985189
-512.0000000000 0.0000000000
-512.0000000000 -50.4275985189
-512.0000000000 -101.8431320984
-512.0000000000 -155.3135020070
-512.0000000000 -212.0773439350
-512.0000000000 -273.6697016068
-512.0000000000 -342.1074626147
-512.0000000000 -420.1875409043
-512.0000000000 -512.0000000000
-512.0000000000 -623.8738051010
-512.0000000000 -766.2621504847
-512.0000000000 -957.8846268362
-512.0000000000 -1236.0773439350
-512.0000000000 -1687.8378029764
-512.0000000000 -2573.9978199684
-512.0000000000 -5198.4232384557
16640.0000000000 0.0000000000
-512.0000000000 5198.4232384557
-512.0000000000 2573.9978199684
-512.0000000000 1687.8378029764
-512.0000000000 1236.0773439350
-512.0000000000 957.8846268362
-512.0000000000 766.2621504847
-512.0000000000 623.8738051010
-512.0000000000 512.0000000000
-512.0000000000 420.1875409043
-512.0000000000 342.1074626147
-512.0000000000 273.6697016068
-512.0000000000 212.0773439350
-512.0000000000 155.3135020070
-512.0000000000 101.8431320984
-512.0000000000 50.4275985189
-512.0000000000 0.0000000000
-512.0000000000 -50.4275985189
-512.0000000000 -101.8431320984
-512.0000000000 -155.3135020070
-512.0000000000 -212.0773439350
-512.0000000000 -273.6697016068
-512.0000000000 -342.1074626147
-512.0000000000 -420.1875409043
-512.0000000000 -512.0000000000
-512.0000000000 -623.8738051010
-512.0000000000 -766.2621504847
-512.0000000000 -957.8846268362
-512.0000000000 -1236.0773439350
-512.0000000000 -1687.8378029764
-512.0000000000 -2573.9978199684
-512.0000000000 -5198.4232384557
16672.0000000000 0.0000000000
-512.0000000000 5198.4232384557
-512.0000000000 2573.9978199684
-512.0000000000 1687.8378029764
-512.0000000000 1236.0773439350
-512.0000000000 957.8846268362
-512.0000000000 766.2621504847
-512.0000000000 623.8738051010
-512.0000000000 512.0000000000
-512.0000000000 420.1875409043
-512.0000000000 342.1074626147
-512.0000000000 273.6697016068
-512.0000000000 212.0773439350
-512.0000000000 155.3135020070
-512.0000000000 101.8431320984
-512.0000000000 50.4275985189
-512.0000000000 0.0000000000
-512.0000000000 -50.4275985189
-512.0000000000 -101.8431320984
-512.0000000000 -155.3135020070
-512.0000000000 -212.0773439350
-512.0000000000 -273.6697016068
-512.0000000000 -342.1074626147
-512.0000000000 -420.1875409043
-512.0000000000 -512.0000000000
-512.0000000000 -623.8738051010
-512.0000000000 -766.2621504847
-512.0000000000 -957.8846268362
-512.0000000000 -1236.0773439350
-512.0000000000 -1687.8378029764
-512.0000000000 -2573.9978199684
-512.0000000000 -5198.4232384557
16704.0000000000 0.0000000000
-512.0000000000 5198.4232384557
-512.0000000000 2573.9978199684
-512.0000000000 1687.8378029764
-512.0000000000 1236.0773439350
-512.0000000000 957.8846268362
-512.0000000000 766.2621504847
-512.0000000000 623.8738051010
-512.0000000000 512.0000000000
-512.0000000000 420.1875409043
-512.0000000000 342.1074626147
-512.0000000000 273.6697016068
-512.0000000000 212.0773439350
-512.0000000000 155.3135020070
-512.0000000000 101.8431320984
-512.0000000000 50.4275985189
-512.0000000000 0.0000000000
-512.0000000000 -50.4275985189
-512.0000000000 -101.8431320984
-512.0000000000 -155.3135020070
-512.0000000000 -212.0773439350
-512.0000000000 -273.6697016068
-512.0000000000 -342.1074626147
-512.0000000000 -420.1875409043
-512.0000000000 -512.0000000000
-512.0000000000 -623.8738051010
-512.0000000000 -766.2621504847
-512.0000000000 -957.8846268362
-512.0000000000 -1236.0773439350
-512.0000000000 -1687.8378029764
-512.0000000000 -2573.9978199684
-512.0000000000 -5198.4232384557
16736.0000000000 0.0000000000
-512.0000000000 5198.4232384557
-512.0000000000 2573.9978199684
-512.0000000000 1687.8378029764
-512.0000000000 1236.0773439350
-512.0000000000 957.8846268362
-512.0000000000 766.2621504847
-512.0000000000 623.8738051010
-512.0000000000 512.0000000000
-512.0000000000 420.1875409043
-512.0000000000 342.1074626147
-512.0000000000 273.6697016068
-512.0000000000 212.0773439350
-512.0000000000 155.3135020070
-512.0000000000 101.8431320984
-512.0000000000 50.4275985189
-512.0000000000 0.0000000000
-512.0000000000 -50.4275985189
-512.0000000000 -101.8431320984
-512.0000000000 -155.3135020070
-512.0000000000 -212.0773439350
-512.0000000000 -273.6697016068
-512.0000000000 -342.1074626147
-512.0000000000 -420.1875409043
-512.0000000000 -512.0000000000
-512.0000000000 -623.8738051010
-512.0000000000 -766.2621504847
-512.0000000000 -957.8846268362
-512.0000000000 -1236.0773439350
-512.0000000000 -1687.8378029764
-512.0000000000 -2573.9978199684
-512.0000000000 -5198.4232384557
16768.0000000000 0.0000000000
-512.0000000000 5198.4232384557
-512.0000000000 2573.9978199684
-512.0000000000 1687.8378029764
-512.0000000000 1236.0773439350
-512.0000000000 957.8846268362
-512.0000000000 766.2621504847
-512.0000000000 623.8738051010
-512.0000000000 512.0000000000
-512.0000000000 420.1875409043
-512.0000000000 342.1074626147
-512.0000000000 273.6697016068
-512.0000000000 212.0773439350
-512.0000000000 155.3135020070
-512.0000000000 101.8431320984
-512.0000000000 50.4275985189
-512.0000000000 0.0000000000
-512.0000000000 -50.4275985189
-512.0000000000 -101.8431320984
-512.0000000000 -155.3135020070
-512.0000000000 -212.0773439350
-512.0000000000 -273.6697016068
-512.0000000000 -342.1074626147
-512.0000000000 -420.1875409043
-512.0000000000 -512.0000000000
-512.0000000000 -623.8738051010
-512.0000000000 -766.2621504847
-512.0000000000 -957.8846268362
-512.0000000000 -1236.0773439350
-512.0000000000 -1687.8378029764
-512.0000000000 -2573.9978199684
-512.0000000000 -5198.4232384557
16800.0000000000 0.0000000000
-512.0000000000 5198.4232384557
-512.0000000000 2573.9978199684
-512.0000000000 1687.8378029764
-512.0000000000 1236.0773439350
-512.0000000000 957.8846268362
-512.0000000000 766.2621504847
-512.0000000000 623.8738051010
-512.0000000000 512.0000000000
-512.0000000000 420.1875409043
-512.0000000000 342.1074626147
-512.0000000000 273.6697016068
-512.0000000000 212.0773439350
-512.0000000000 155.3135020070
-512.0000000000 101.8431320984
-512.0000000000 50.4275985189
-512.0000000000 0.0000000000
-512.0000000000 -50.4275985189
-512.0000000000 -101.8431320984
-512.0000000000 -155.3135020070
-512.0000000000 -212.0773439350
-512.0000000000 -273.6697016068
-512.0000000000 -342.1074626147
-512.0000000000 -420.1875409043
-512.0000000000 -512.0000000000
-512.0000000000 -623.8738051010
-512.0000000000 -766.2621504847
-512.0000000000 -957.8846268362
-512.0000000000 -1236.0773439350
-512.0000000000 -1687.8378029764
-512.0000000000 -2573.9978199684
-512.0000000000 -5198.4232384557
16832.0000000000 0.0000000000
-512.0000000000 5198.4232384557
-512.0000000000 2573.9978199684
-512.0000000000 1687.8378029764
-512.0000000000 1236.0773439350
-512.0000000000 957.8846268362
-512.0000000000 766.2621504847
-512.0000000000 623.8738051010
-512.0000000000 512.0000000000
-512.0000000000 420.1875409043
-512.0000000000 342.1074626147
-512.0000000000 273.6697016068
-512.0000000000 212.0773439350
-512.0000000000 155.3135020070
-512.0000000000 101.8431320984
-512.0000000000 50.4275985189
-512.0000000000 0.0000000000
-512.0000000000 -50.4275985189
-512.0000000000 -101.8431320984
-512.0000000000 -155.3135020070
-512.0000000000 -212.0773439350
-512.0000000000 -273.6697016068
-512.0000000000 -342.1074626147
-512.0000000000 -420.1875409043
-512.0000000000 -512.0000000000
-512.0000000000 -623.8738051010
-512.0000000000 -766.2621504847
-512.0000000000 -957.8846268362
-512.0000000000 -1236.0773439350
-512.0000000000 -1687.8378029764
-512.0000000000 -2573.9978199684
-512.0000000000 -5198.4232384557
16864.0000000000 0.0000000000
-512.0000000000 5198.4232384557
-512.0000000000 2573.9978199684
-512.0000000000 1687.8378029764
-512.0000000000 1236.0773439350
-512.0000000000 957.8846268362
-512.0000000000 766.2621504847
-512.0000000000 623.8738051010
-512.0000000000 512.0000000000
-512.0000000000 420.1875409043
-512.0000000000 342.1074626147
-512.0000000000 273.6697016068
-512.0000000000 212.0773439350
-512.0000000000 155.3135020070
-512.0000000000 101.8431320984
-512.0000000000 50.4275985189
-512.0000000000 0.0000000000
-512.0000000000 -50.4275985189
-512.0000000000 -101.8431320984
-512.0000000000 -155.3135020070
-512.0000000000 -212.0773439350
-512.0000000000 -273.6697016068
-512.0000000000 -342.1074626147
-512.0000000000 -420.1875409043
-512.0000000000 -512.0000000000
-512.0000000000 -623.8738051010
-512.0000000000 -766.2621504847
-512.0000000000 -957.8846268362
-512.0000000000 -1236.0773439350
-512.0000000000 -1687.8378029764
-512.0000000000 -2573.9978199684
-512.0000000000 -5198.4232384557
