15872.000000 0.000000
-511.984375 5198.421875
-511.984375 2573.984375
-511.968750 1687.870850
-511.984375 1236.046875
-511.968750 957.843750
-511.968750 766.255249
-511.953125 623.936951
-511.984375 511.984375
-511.968750 420.096558
-511.968750 342.098938
-511.953125 273.635742
-511.968750 212.071655
-511.953125 155.315186
-511.953125 101.894714
-511.937500 50.559265
-511.984375 0.000000
-511.968750 -50.451599
-511.968750 -101.887512
-511.953125 -155.355621
-511.968750 -212.071655
-511.953125 -273.637512
-511.953125 -342.101501
-511.937500 -420.134705
-511.968750 -511.968750
-511.953125 -623.852539
-511.953125 -766.218872
-511.937500 -957.809509
-511.953125 -1235.971436
-511.937500 -1687.701416
-511.937500 -2573.759033
-511.921875 -5197.918701
15904.000000 0.000000
-511.984375 5198.421875
-511.984375 2573.984375
-511.968750 1687.870850
-511.984375 1236.046875
-511.968750 957.843750
-511.968750 766.255249
-511.953125 623.936951
-511.984375 511.984375
-511.968750 420.096558
-511.968750 342.098938
-511.953125 273.635742
-511.968750 212.071655
-511.953125 155.315186
-511.953125 101.894714
-511.937500 50.559265
-511.984375 0.000000
-511.968750 -50.451599
-511.968750 -101.887512
-511.953125 -155.355621
-511.968750 -212.071655
-511.953125 -273.637512
-511.953125 -342.101501
-511.937500 -420.134705
-511.968750 -511.968750
-511.953125 -623.852539
-511.953125 -766.218872
-511.937500 -957.809509
-511.953125 -1235.971436
-511.937500 -1687.701416
-511.937500 -2573.759033
-511.921875 -5197.918701
15936.000000 0.000000
-511.984375 5198.421875
-511.984375 2573.984375
-511.968750 1687.870850
-511.984375 1236.046875
-511.968750 957.843750
-511.968750 766.255249
-511.953125 623.936951
-511.984375 511.984375
-511.968750 420.096558
-511.968750 342.098938
-511.953125 273.635742
-511.968750 212.071655
-511.953125 155.315186
-511.953125 101.894714
-511.937500 50.559265
-511.984375 0.000000
-511.968750 -50.451599
-511.968750 -101.887512
-511.953125 -155.355621
-511.968750 -212.071655
-511.953125 -273.637512
-511.953125 -342.101501
-511.937500 -420.134705
-511.968750 -511.968750
-511.953125 -623.852539
-511.953125 -766.218872
-511.937500 -957.809509
-511.953125 -1235.971436
-511.937500 -1687.701416
-511.937500 -2573.759033
-511.921875 -5197.918701
15968.000000 0.000000
-511.984375 5198.421875
-511.984375 2573.984375
-511.968750 1687.870850
-511.984375 1236.046875
-511.968750 957.843750
-511.968750 766.255249
-511.953125 623.936951
-511.984375 511.984375
-511.968750 420.096558
-511.968750 342.098938
-511.953125 273.635742
-511.968750 212.071655
-511.953125 155.315186
-511.953125 101.894714
-511.937500 50.559265
-511.984375 0.000000
-511.968750 -50.451599
-511.968750 -101.887512
-511.953125 -155.355621
-511.968750 -212.071655
-511.953125 -273.637512
-511.953125 -342.101501
-511.937500 -420.134705
-511.968750 -511.968750
-511.953125 -623.852539
-511.953125 -766.218872
-511.937500 -957.809509
-511.953125 -1235.971436
-511.937500 -1687.701416
-511.937500 -2573.759033
-511.921875 -5197.918701
16000.000000 0.000000
-511.984375 5198.421875
-511.984375 2573.984375
-511.968750 1687.870850
-511.984375 1236.046875
-511.968750 957.843750
-511.968750 766.255249
-511.953125 623.936951
-511.984375 511.984375
-511.968750 420.096558
-511.968750 342.098938
-511.953125 273.635742
-511.968750 212.071655
-511.953125 155.315186
-511.953125 101.894714
-511.937500 50.559265
-511.984375 0.000000
-511.968750 -50.451599
-511.968750 -101.887512
-511.953125 -155.355621
-511.968750 -212.071655
-511.953125 -273.637512
-511.953125 -342.101501
-511.937500 -420.134705
-511.968750 -511.968750
-511.953125 -623.852539
-511.953125 -766.218872
-511.937500 -957.809509
-511.953125 -1235.971436
-511.937500 -1687.701416
-511.937500 -2573.759033
-511.921875 -5197.918701
16032.000000 0.000000
-511.984375 5198.421875
-511.984375 2573.984375
-511.968750 1687.870850
-511.984375 1236.046875
-511.968750 957.843750
-511.968750 766.255249
-511.953125 623.936951
-511.984375 511.984375
-511.968750 420.096558
-511.968750 342.098938
-511.953125 273.635742
-511.968750 212.071655
-511.953125 155.315186
-511.953125 101.894714
-511.937500 50.559265
-511.984375 0.000000
-511.968750 -50.451599
-511.968750 -101.887512
-511.953125 -155.355621
-511.968750 -212.071655
-511.953125 -273.637512
-511.953125 -342.101501
-511.937500 -420.134705
-511.968750 -511.968750
-511.953125 -623.852539
-511.953125 -766.218872
-511.937500 -957.809509
-511.953125 -1235.971436
-511.937500 -1687.701416
-511.937500 -2573.759033
-511.921875 -5197.918701
16064.000000 0.000000
-511.984375 5198.421875
-511.984375 2573.984375
-511.968750 1687.870850
-511.984375 1236.046875
-511.968750 957.843750
-511.968750 766.255249
-511.953125 623.936951
-511.984375 511.984375
-511.968750 420.096558
-511.968750 342.098938
-511.953125 273.635742
-511.968750 212.071655
-511.953125 155.315186
-511.953125 101.894714
-511.937500 50.559265
-511.984375 0.000000
-511.968750 -50.451599
-511.968750 -101.887512
-511.953125 -155.355621
-511.968750 -212.071655
-511.953125 -273.637512
-511.953125 -342.101501
-511.937500 -420.134705
-511.968750 -511.968750
-511.953125 -623.852539
-511.953125 -766.218872
-511.937500 -957.809509
-511.953125 -1235.971436
-511.937500 -1687.701416
-511.937500 -2573.759033
-511.921875 -5197.918701
16096.000000 0.000000
-511.984375 5198.421875
-511.984375 2573.984375
-511.968750 1687.870850
-511.984375 1236.046875
-511.968750 957.843750
-511.968750 766.255249
-511.953125 623.936951
-511.984375 511.984375
-511.968750 420.096558
-511.968750 342.098938
-511.953125 273.635742
-511.968750 212.071655
-511.953125 155.315186
-511.953125 101.894714
-511.937500 50.559265
-511.984375 0.000000
-511.968750 -50.451599
-511.968750 -101.887512
-511.953125 -155.355621
-511.968750 -212.071655
-511.953125 -273.637512
-511.953125 -342.101501
-511.937500 -420.134705
-511.968750 -511.968750
-511.953125 -623.852539
-511.953125 -766.218872
-511.937500 -957.809509
-511.953125 -1235.971436
-511.937500 -1687.701416
-511.937500 -2573.759033
-511.921875 -5197.918701
16128.000000 0.000000
-511.984375 5198.421875
-511.984375 2573.984375
-511.968750 1687.870850
-511.984375 1236.046875
-511.968750 957.843750
-511.968750 766.255249
-511.953125 623.936951
-511.984375 511.984375
-511.968750 420.096558
-511.968750 342.098938
-511.953125 273.635742
-511.968750 212.071655
-511.953125 155.315186
-511.953125 101.894714
-511.937500 50.559265
-511.984375 0.000000
-511.968750 -50.451599
-511.968750 -101.887512
-511.953125 -155.355621
-511.968750 -212.071655
-511.953125 -273.637512
-511.953125 -342.101501
-511.937500 -420.134705
-511.968750 -511.968750
-511.953125 -623.852539
-511.953125 -766.218872
-511.937500 -957.809509
-511.953125 -1235.971436
-511.937500 -1687.701416
-511.937500 -2573.759033
-511.921875 -5197.918701
16160.000000 0.000000
-511.984375 5198.421875
-511.984375 2573.984375
-511.968750 1687.870850
-511.984375 1236.046875
-511.968750 957.843750
-511.968750 766.255249
-511.953125 623.936951
-511.984375 511.984375
-511.968750 420.096558
-511.968750 342.098938
-511.953125 273.635742
-511.968750 212.071655
-511.953125 155.315186
-511.953125 101.894714
-511.937500 50.559265
-511.984375 0.000000
-511.968750 -50.451599
-511.968750 -101.887512
-511.953125 -155.355621
-511.968750 -212.071655
-511.953125 -273.637512
-511.953125 -342.101501
-511.937500 -420.134705
-511.968750 -511.968750
-511.953125 -623.852539
-511.953125 -766.218872
-511.937500 -957.809509
-511.953125 -1235.971436
-511.937500 -1687.701416
-511.937500 -2573.759033
-511.921875 -5197.918701
16192.000000 0.000000
-511.984375 5198.421875
-511.984375 2573.984375
-511.968750 1687.870850
-511.984375 1236.046875
-511.968750 957.843750
-511.968750 766.255249
-511.953125 623.936951
-511.984375 511.984375
-511.968750 420.096558
-511.968750 342.098938
-511.953125 273.635742
-511.968750 212.071655
-511.953125 155.315186
-511.953125 101.894714
-511.937500 50.559265
-511.984375 0.000000
-511.968750 -50.451599
-511.968750 -101.887512
-511.953125 -155.355621
-511.968750 -212.071655
-511.953125 -273.637512
-511.953125 -342.101501
-511.937500 -420.134705
-511.968750 -511.968750
-511.953125 -623.852539
-511.953125 -766.218872
-511.937500 -957.809509
-511.953125 -1235.971436
-511.937500 -1687.701416
-511.937500 -2573.759033
-511.921875 -5197.918701
16224.000000 0.000000
-511.984375 5198.421875
-511.984375 2573.984375
-511.968750 1687.870850
-511.984375 1236.046875
-511.968750 957.843750
-511.968750 766.255249
-511.953125 623.936951
-511.984375 511.984375
-511.968750 420.096558
-511.968750 342.098938
-511.953125 273.635742
-511.968750 212.071655
-511.953125 155.315186
-511.953125 101.894714
-511.937500 50.559265
-511.984375 0.000000
-511.968750 -50.451599
-511.968750 -101.887512
-511.953125 -155.355621
-511.968750 -212.071655
-511.953125 -273.637512
-511.953125 -342.101501
-511.937500 -420.134705
-511.968750 -511.968750
-511.953125 -623.852539
-511.953125 -766.218872
-511.937500 -957.809509
-511.953125 -1235.971436
-511.937500 -1687.701416
-511.937500 -2573.759033
-511.921875 -5197.918701
16256.000000 0.000000
-511.984375 5198.421875
-511.984375 2573.984375
-511.968750 1687.870850
-511.984375 1236.046875
-511.968750 957.843750
-511.968750 766.255249
-511.953125 623.936951
-511.984375 511.984375
-511.968750 420.096558
-511.968750 342.098938
-511.953125 273.635742
-511.968750 212.071655
-511.953125 155.315186
-511.953125 101.894714
-511.937500 50.559265
-511.984375 0.000000
-511.968750 -50.451599
-511.968750 -101.887512
-511.953125 -155.355621
-511.968750 -212.071655
-511.953125 -273.637512
-511.953125 -342.101501
-511.937500 -420.134705
-511.968750 -511.968750
-511.953125 -623.852539
-511.953125 -766.218872
-511.937500 -957.809509
-511.953125 -1235.971436
-511.937500 -1687.701416
-511.937500 -2573.759033
-511.921875 -5197.918701
16288.000000 0.000000
-511.984375 5198.421875
-511.984375 2573.984375
-511.968750 1687.870850
-511.984375 1236.046875
-511.968750 957.843750
-511.968750 766.255249
-511.953125 623.936951
-511.984375 511.984375
-511.968750 420.096558
-511.968750 342.098938
-511.953125 273.635742
-511.968750 212.071655
-511.953125 155.315186
-511.953125 101.894714
-511.937500 50.559265
-511.984375 0.000000
-511.968750 -50.451599
-511.968750 -101.887512
-511.953125 -155.355621
-511.968750 -212.071655
-511.953125 -273.637512
-511.953125 -342.101501
-511.937500 -420.134705
-511.968750 -511.968750
-511.953125 -623.852539
-511.953125 -766.218872
-511.937500 -957.809509
-511.953125 -1235.971436
-511.937500 -1687.701416
-511.937500 -2573.759033
-511.921875 -5197.918701
16320.000000 0.000000
-511.984375 5198.421875
-511.984375 2573.984375
-511.968750 1687.870850
-511.984375 1236.046875
-511.968750 957.843750
-511.968750 766.255249
-511.953125 623.936951
-511.984375 511.984375
-511.968750 420.096558
-511.968750 342.098938
-511.953125 273.635742
-511.968750 212.071655
-511.953125 155.315186
-511.953125 101.894714
-511.937500 50.559265
-511.984375 0.000000
-511.968750 -50.451599
-511.968750 -101.887512
-511.953125 -155.355621
-511.968750 -212.071655
-511.953125 -273.637512
-511.953125 -342.101501
-511.937500 -420.134705
-511.968750 -511.968750
-511.953125 -623.852539
-511.953125 -766.218872
-511.937500 -957.809509
-511.953125 -1235.971436
-511.937500 -1687.701416
-511.937500 -2573.759033
-511.921875 -5197.918701
16352.000000 0.000000
-511.984375 5198.421875
-511.984375 2573.984375
-511.968750 1687.870850
-511.984375 1236.046875
-511.968750 957.843750
-511.968750 766.255249
-511.953125 623.936951
-511.984375 511.984375
-511.968750 420.096558
-511.968750 342.098938
-511.953125 273.635742
-511.968750 212.071655
-511.953125 155.315186
-511.953125 101.894714
-511.937500 50.559265
-511.984375 0.000000
-511.968750 -50.451599
-511.968750 -101.887512
-511.953125 -155.355621
-511.968750 -212.071655
-511.953125 -273.637512
-511.953125 -342.101501
-511.937500 -420.134705
-511.968750 -511.968750
-511.953125 -623.852539
-511.953125 -766.218872
-511.937500 -957.809509
-511.953125 -1235.971436
-511.937500 -1687.701416
-511.937500 -2573.759033
-511.921875 -5197.918701
16384.000000 0.000000
-511.984375 5198.421875
-511.984375 2573.984375
-511.968750 1687.870850
-511.984375 1236.046875
-511.968750 957.843750
-511.968750 766.255249
-511.953125 623.936951
-511.984375 511.984375
-511.968750 420.096558
-511.968750 342.098938
-511.953125 273.635742
-511.968750 212.071655
-511.953125 155.315186
-511.953125 101.894714
-511.937500 50.559265
-511.984375 0.000000
-511.968750 -50.451599
-511.968750 -101.887512
-511.953125 -155.355621
-511.968750 -212.071655
-511.953125 -273.637512
-511.953125 -342.101501
-511.937500 -420.134705
-511.968750 -511.968750
-511.953125 -623.852539
-511.953125 -766.218872
-511.937500 -957.809509
-511.953125 -1235.971436
-511.937500 -1687.701416
-511.937500 -2573.759033
-511.921875 -5197.918701
16416.000000 0.000000
-511.984375 5198.421875
-511.984375 2573.984375
-511.968750 1687.870850
-511.984375 1236.046875
-511.968750 957.843750
-511.968750 766.255249
-511.953125 623.936951
-511.984375 511.984375
-511.968750 420.096558
-511.968750 342.098938
-511.953125 273.635742
-511.968750 212.071655
-511.953125 155.315186
-511.953125 101.894714
-511.937500 50.559265
-511.984375 0.000000
-511.968750 -50.451599
-511.968750 -101.887512
-511.953125 -155.355621
-511.968750 -212.071655
-511.953125 -273.637512
-511.953125 -342.101501
-511.937500 -420.134705
-511.968750 -511.968750
-511.953125 -623.852539
-511.953125 -766.218872
-511.937500 -957.809509
-511.953125 -1235.971436
-511.937500 -1687.701416
-511.937500 -2573.759033
-511.921875 -5197.918701
16448.000000 0.000000
-511.984375 5198.421875
-511.984375 2573.984375
-511.968750 1687.870850
-511.984375 1236.046875
-511.968750 957.843750
-511.968750 766.255249
-511.953125 623.936951
-511.984375 511.984375
-511.968750 420.096558
-511.968750 342.098938
-511.953125 273.635742
-511.968750 212.071655
-511.953125 155.315186
-511.953125 101.894714
-511.937500 50.559265
-511.984375 0.000000
-511.968750 -50.451599
-511.968750 -101.887512
-511.953125 -155.355621
-511.968750 -212.071655
-511.953125 -273.637512
-511.953125 -342.101501
-511.937500 -420.134705
-511.968750 -511.968750
-511.953125 -623.852539
-511.953125 -766.218872
-511.937500 -957.809509
-511.953125 -1235.971436
-511.937500 -1687.701416
-511.937500 -2573.759033
-511.921875 -5197.918701
16480.000000 0.000000
-511.984375 5198.421875
-511.984375 2573.984375
-511.968750 1687.870850
-511.984375 1236.046875
-511.968750 957.843750
-511.968750 766.255249
-511.953125 623.936951
-511.984375 511.984375
-511.968750 420.096558
-511.968750 342.098938
-511.953125 273.635742
-511.968750 212.071655
-511.953125 155.315186
-511.953125 101.894714
-511.937500 50.559265
-511.984375 0.000000
-511.968750 -50.451599
-511.968750 -101.887512
-511.953125 -155.355621
-511.968750 -212.071655
-511.953125 -273.637512
-511.953125 -342.101501
-511.937500 -420.134705
-511.968750 -511.968750
-511.953125 -623.852539
-511.953125 -766.218872
-511.937500 -957.809509
-511.953125 -1235.971436
-511.937500 -1687.701416
-511.937500 -2573.759033
-511.921875 -5197.918701
16512.000000 0.000000
-511.984375 5198.421875
-511.984375 2573.984375
-511.968750 1687.870850
-511.984375 1236.046875
-511.968750 957.843750
-511.968750 766.255249
-511.953125 623.936951
-511.984375 511.984375
-511.968750 420.096558
-511.968750 342.098938
-511.953125 273.635742
-511.968750 212.071655
-511.953125 155.315186
-511.953125 101.894714
-511.937500 50.559265
-511.984375 0.000000
-511.968750 -50.451599
-511.968750 -101.887512
-511.953125 -155.355621
-511.968750 -212.071655
-511.953125 -273.637512
-511.953125 -342.101501
-511.937500 -420.134705
-511.968750 -511.968750
-511.953125 -623.852539
-511.953125 -766.218872
-511.937500 -957.809509
-511.953125 -1235.971436
-511.937500 -1687.701416
-511.937500 -2573.759033
-511.921875 -5197.918701
16544.000000 0.000000
-511.984375 5198.421875
-511.984375 2573.984375
-511.968750 1687.870850
-511.984375 1236.046875
-511.968750 957.843750
-511.968750 766.255249
-511.953125 623.936951
-511.984375 511.984375
-511.968750 420.096558
-511.968750 342.098938
-511.953125 273.635742
-511.968750 212.071655
-511.953125 155.315186
-511.953125 101.894714
-511.937500 50.559265
-511.984375 0.000000
-511.968750 -50.451599
-511.968750 -101.887512
-511.953125 -155.355621
-511.968750 -212.071655
-511.953125 -273.637512
-511.953125 -342.101501
-511.937500 -420.134705
-511.968750 -511.968750
-511.953125 -623.852539
-511.953125 -766.218872
-511.937500 -957.809509
-511.953125 -1235.971436
-511.937500 -1687.701416
-511.937500 -2573.759033
-511.921875 -5197.918701
16576.000000 0.000000
-511.984375 5198.421875
-511.984375 2573.984375
-511.968750 1687.870850
-511.984375 1236.046875
-511.968750 957.843750
-511.968750 766.255249
-511.953125 623.936951
-511.984375 511.984375
-511.968750 420.096558
-511.968750 342.098938
-511.953125 273.635742
-511.968750 212.071655
-511.953125 155.315186
-511.953125 101.894714
-511.937500 50.559265
-511.984375 0.000000
-511.968750 -50.451599
-511.968750 -101.887512
-511.953125 -155.355621
-511.968750 -212.071655
-511.953125 -273.637512
-511.953125 -342.101501
-511.937500 -420.134705
-511.968750 -511.968750
-511.953125 -623.852539
-511.953125 -766.218872
-511.937500 -957.809509
-511.953125 -1235.971436
-511.937500 -1687.701416
-511.937500 -2573.759033
-511.921875 -5197.918701
16608.000000 0.000000
-511.984375 5198.421875
-511.984375 2573.984375
-511.968750 1687.870850
-511.984375 1236.046875
-511.968750 957.843750
-511.968750 766.255249
-511.953125 623.936951
-511.984375 511.984375
-511.968750 420.096558
-511.968750 342.098938
-511.953125 273.635742
-511.968750 212.071655
-511.953125 155.315186
-511.953125 101.894714
-511.937500 50.559265
-511.984375 0.000000
-511.968750 -50.451599
-511.968750 -101.887512
-511.953125 -155.355621
-511.968750 -212.071655
-511.953125 -273.637512
-511.953125 -342.101501
-511.937500 -420.134705
-511.968750 -511.968750
-511.953125 -623.852539
-511.953125 -766.218872
-511.937500 -957.809509
-511.953125 -1235.971436
-511.937500 -1687.701416
-511.937500 -2573.759033
-511.921875 -5197.918701
16640.000000 0.000000
-511.984375 5198.421875
-511.984375 2573.984375
-511.968750 1687.870850
-511.984375 1236.046875
-511.968750 957.843750
-511.968750 766.255249
-511.953125 623.936951
-511.984375 511.984375
-511.968750 420.096558
-511.968750 342.098938
-511.953125 273.635742
-511.968750 212.071655
-511.953125 155.315186
-511.953125 101.894714
-511.937500 50.559265
-511.984375 0.000000
-511.968750 -50.451599
-511.968750 -101.887512
-511.953125 -155.355621
-511.968750 -212.071655
-511.953125 -273.637512
-511.953125 -342.101501
-511.937500 -420.134705
-511.968750 -511.968750
-511.953125 -623.852539
-511.953125 -766.218872
-511.937500 -957.809509
-511.953125 -1235.971436
-511.937500 -1687.701416
-511.937500 -2573.759033
-511.921875 -5197.918701
16672.000000 0.000000
-511.984375 5198.421875
-511.984375 2573.984375
-511.968750 1687.870850
-511.984375 1236.046875
-511.968750 957.843750
-511.968750 766.255249
-511.953125 623.936951
-511.984375 511.984375
-511.968750 420.096558
-511.968750 342.098938
-511.953125 273.635742
-511.968750 212.071655
-511.953125 155.315186
-511.953125 101.894714
-511.937500 50.559265
-511.984375 0.000000
-511.968750 -50.451599
-511.968750 -101.887512
-511.953125 -155.355621
-511.968750 -212.071655
-511.953125 -273.637512
-511.953125 -342.101501
-511.937500 -420.134705
-511.968750 -511.968750
-511.953125 -623.852539
-511.953125 -766.218872
-511.937500 -957.809509
-511.953125 -1235.971436
-511.937500 -1687.701416
-511.937500 -2573.759033
-511.921875 -5197.918701
16704.000000 0.000000
-511.984375 5198.421875
-511.984375 2573.984375
-511.968750 1687.870850
-511.984375 1236.046875
-511.968750 957.843750
-511.968750 766.255249
-511.953125 623.936951
-511.984375 511.984375
-511.968750 420.096558
-511.968750 342.098938
-511.953125 273.635742
-511.968750 212.071655
-511.953125 155.315186
-511.953125 101.894714
-511.937500 50.559265
-511.984375 0.000000
-511.968750 -50.451599
-511.968750 -101.887512
-511.953125 -155.355621
-511.968750 -212.071655
-511.953125 -273.637512
-511.953125 -342.101501
-511.937500 -420.134705
-511.968750 -511.968750
-511.953125 -623.852539
-511.953125 -766.218872
-511.937500 -957.809509
-511.953125 -1235.971436
-511.937500 -1687.701416
-511.937500 -2573.759033
-511.921875 -5197.918701
16736.000000 0.000000
-511.984375 5198.421875
-511.984375 2573.984375
-511.968750 1687.870850
-511.984375 1236.046875
-511.968750 957.843750
-511.968750 766.255249
-511.953125 623.936951
-511.984375 511.984375
-511.968750 420.096558
-511.968750 342.098938
-511.953125 273.635742
-511.968750 212.071655
-511.953125 155.315186
-511.953125 101.894714
-511.937500 50.559265
-511.984375 0.000000
-511.968750 -50.451599
-511.968750 -101.887512
-511.953125 -155.355621
-511.968750 -212.071655
-511.953125 -273.637512
-511.953125 -342.101501
-511.937500 -420.134705
-511.968750 -511.968750
-511.953125 -623.852539
-511.953125 -766.218872
-511.937500 -957.809509
-511.953125 -1235.971436
-511.937500 -1687.701416
-511.937500 -2573.759033
-511.921875 -5197.918701
16768.000000 0.000000
-511.984375 5198.421875
-511.984375 2573.984375
-511.968750 1687.870850
-511.984375 1236.046875
-511.968750 957.843750
-511.968750 766.255249
-511.953125 623.936951
-511.984375 511.984375
-511.968750 420.096558
-511.968750 342.098938
-511.953125 273.635742
-511.968750 212.071655
-511.953125 155.315186
-511.953125 101.894714
-511.937500 50.559265
-511.984375 0.000000
-511.968750 -50.451599
-511.968750 -101.887512
-511.953125 -155.355621
-511.968750 -212.071655
-511.953125 -273.637512
-511.953125 -342.101501
-511.937500 -420.134705
-511.968750 -511.968750
-511.953125 -623.852539
-511.953125 -766.218872
-511.937500 -957.809509
-511.953125 -1235.971436
-511.937500 -1687.701416
-511.937500 -2573.759033
-511.921875 -5197.918701
16800.000000 0.000000
-511.984375 5198.421875
-511.984375 2573.984375
-511.968750 1687.870850
-511.984375 1236.046875
-511.968750 957.843750
-511.968750 766.255249
-511.953125 623.936951
-511.984375 511.984375
-511.968750 420.096558
-511.968750 342.098938
-511.953125 273.635742
-511.968750 212.071655
-511.953125 155.315186
-511.953125 101.894714
-511.937500 50.559265
-511.984375 0.000000
-511.968750 -50.451599
-511.968750 -101.887512
-511.953125 -155.355621
-511.968750 -212.071655
-511.953125 -273.637512
-511.953125 -342.101501
-511.937500 -420.134705
-511.968750 -511.968750
-511.953125 -623.852539
-511.953125 -766.218872
-511.937500 -957.809509
-511.953125 -1235.971436
-511.937500 -1687.701416
-511.937500 -2573.759033
-511.921875 -5197.918701
16832.000000 0.000000
-511.984375 5198.421875
-511.984375 2573.984375
-511.968750 1687.870850
-511.984375 1236.046875
-511.968750 957.843750
-511.968750 766.255249
-511.953125 623.936951
-511.984375 511.984375
-511.968750 420.096558
-511.968750 342.098938
-511.953125 273.635742
-511.968750 212.071655
-511.953125 155.315186
-511.953125 101.894714
-511.937500 50.559265
-511.984375 0.000000
-511.968750 -50.451599
-511.968750 -101.887512
-511.953125 -155.355621
-511.968750 -212.071655
-511.953125 -273.637512
-511.953125 -342.101501
-511.937500 -420.134705
-511.968750 -511.968750
-511.953125 -623.852539
-511.953125 -766.218872
-511.937500 -957.809509
-511.953125 -1235.971436
-511.937500 -1687.701416
-511.937500 -2573.759033
-511.921875 -5197.918701
16864.000000 0.000000
-511.984375 5198.421875
-511.984375 2573.984375
-511.968750 1687.870850
-511.984375 1236.046875
-511.968750 957.843750
-511.968750 766.255249
-511.953125 623.936951
-511.984375 511.984375
-511.968750 420.096558
-511.968750 342.098938
-511.953125 273.635742
-511.968750 212.071655
-511.953125 155.315186
-511.953125 101.894714
-511.937500 50.559265
-511.984375 0.000000
-511.968750 -50.451599
-511.968750 -101.887512
-511.953125 -155.355621
-511.968750 -212.071655
-511.953125 -273.637512
-511.953125 -342.101501
-511.937500 -420.134705
-511.968750 -511.968750
-511.953125 -623.852539
-511.953125 -766.218872
-511.937500 -957.809509
-511.953125 -1235.971436
-511.937500 -1687.701416
-511.937500 -2573.759033
-511.921875 -5197.918701
