-3461 2273
-7741 4541
-7630 -6143
5121 -4694
6782 3362
-2988 -7530
9492 9417
-8906 2429
-5619 -1072
-8129 -3363
-4106 -5428
-6393 7063
6611 8760
-8058 -7150
-3454 -4785
3015 1649
3734 -5921
-2845 1254
-6437 -4819
-4307 6223
-3730 1047
326 3732
-8110 6183
-4492 -5513
-9379 -5918
4528 -2393
-7014 -462
-9755 8789
-3851 6515
2535 -8572
1136 6884
-8793 4659
-7693 -4408
-310 2967
5146 -1928
-1283 4949
-9338 -2828
-8396 -1607
8227 -2501
-9319 8383
8468 -2773
9390 3152
-7179 3461
-8584 -1933
-510 3295
-2647 -6751
3166 -4269
8675 7433
4484 2014
-4297 -257
620 -5814
4833 3602
-3034 9291
-9940 318
1362 6793
3885 -1835
4769 -8915
-3234 -796
-9232 -3902
-4474 7668
-4165 4809
-7304 5535
472 -2224
2035 -7034
4387 4902
633 -5785
4513 9254
7795 2994
-9561 2103
-9748 -404
4019 -7717
-2470 4181
9180 -9357
-8039 3994
754 3316
-8203 -8847
-8579 1841
-6380 9549
-7090 8649
7118 9465
-4947 9302
5227 -2683
1569 3318
-9690 -6807
8656 1570
-9732 -6557
-2688 6828
-4261 -6589
-608 -403
8007 -918
4865 -9780
-3900 4367
370 7209
8070 -9508
-4555 -3152
-7767 -5925
-3836 1164
-4560 -8354
-3313 8864
2322 5324
-2484 -2705
8439 -9232
7457 735
-3349 6255
1311 3405
5120 4099
-9686 3285
-4855 -728
126 -5841
-1937 -6161
-1208 5715
2736 2304
4178 -768
-4078 4958
8901 6602
-1371 -5436
9186 945
5498 -5257
2318 2784
8637 5363
-983 6995
5141 -2090
-4733 4130
-5797 -8537
9144 -2464
-2626 -8936
845 7015
9143 -5021
5279 2288
8445 3135
5647 -1425
6676 -3169
4979 4588
3980 3953
8791 4739
8151 -8374
-2722 1358
-9363 -9691
1605 4960
2260 -7098
-6936 3126
-4156 3309
-4297 2837
5973 -5971
-7410 -9686
-680 2517
1704 7249
-44 886
-2719 7779
-7109 -935
1045 9900
9629 -5903
-640 -6493
5778 -13
9360 6777
-5886 333
6088 8056
4458 -2855
-257 -2368
-5059 9931
9192 8962
-2904 -5637
3913 321
4806 -7110
6823 4994
-4483 -9490
-2513 -7838
-2915 7631
6283 -2015
-992 4749
4176 9825
6077 5672
-4289 6355
5120 6138
-80 5344
-972 -2564
-8916 3016
-1425 3057
-6705 -5001
2604 -8715
-8128 4916
7534 -3287
8361 -5832
-3803 -5950
-8414 9202
-4938 -2436
-8748 6361
2314 -1452
-2353 -9171
-1880 -8979
-344 -4198
-1690 -5542
8026 467
6498 4506
3920 7551
-6903 -1084
-4217 -1395
-3089 -7831
7387 -2989
-1921 3551
9447 8684
-5487 -3448
8905 -8388
5445 1752
159 4074
684 -9206
4374 -9881
-1254 6111
7282 -8196
-9960 -8348
-271 7441
-6509 -3322
-9051 2577
-3410 -9587
-4917 -3956
-3178 2573
-6188 -2505
-9473 -7104
3810 7592
-1846 1754
-7095 5372
9984 2103
7812 -1718
-9081 6908
-1681 2962
4519 -3471
6080 3347
-2063 -5928
7579 -9659
6923 -904
-3231 8452
1740 2668
-6336 2931
8362 8327
-7073 3181
9237 8206
2733 2121
-6734 -6718
5458 413
-7908 449
6952 3507
2306 -5533
-991 1200
7044 -1790
6459 5937
-9323 -300
8973 -2227
3118 7439
-5767 -7942
9499 5848
-7118 -9685
-917 2191
-4341 -1150
-1457 6693
-2201 9495
-8520 -7800
-8718 8108
-1993 -4839
9618 -6230
3940 -8674
1456 415
-1480 7995
7273 6415
5800 7751
9200 9209
165 5171
-416 -8542
4210 1250
2539 -3318
-1826 -4266
-6326 -9926
-6204 -7641
-8134 -1351
8228 8746
-4204 4318
-6540 969
-9295 -5003
-7328 -6788
4313 -5432
-6103 8213
4018 -9881
5565 4954
-5366 -4887
3594 9819
-6424 333
6101 7834
-7592 1082
-8630 7867
4309 6218
-1728 -495
2596 124
-4489 8795
-5958 -3916
8037 -7260
5418 6097
8771 -7966
5882 6445
-7182 1880
3882 -9507
-2955 6306
8085 7447
3507 -6103
424 2939
-4710 3512
-5350 -7681
8912 44
-8728 -6418
935 -5636
3852 7039
2380 1804
1837 -3660
-5497 5912
-1950 5018
257 1026
5731 3284
3169 -771
-1673 2602
-9125 -3623
8780 3412
-9071 3375
-4350 -9938
5294 -8155
7687 -8418
-4802 1354
3883 6481
3523 -5342
-3780 -4438
8213 3030
-1561 2872
6834 -8500
8666 -4085
-981 6731
-616 -3948
8470 1966
-3079 -2322
3884 5710
-8369 933
-3137 -8698
399 5892
3291 1994
515 4599
2805 -7239
7648 -855
-3815 5942
-218 5524
4933 -1312
725 3886
-1813 -6982
-256 -7330
6987 2206
-6689 2362
5580 4089
7612 -6561
9464 4844
-2524 4565
9095 -9444
-8065 -1737
-8928 7865
5952 -6295
-2092 -376
-775 6333
-6424 468
-2951 -2822
6770 -4104
7001 -6906
3631 6468
-2534 -8777
-7852 -9064
-6379 6471
-9547 4773
985 8526
8275 1080
-6942 -9425
7371 -9450
3103 3059
4448 4291
-1235 -4788
2675 7223
720 -6528
9603 -1235
-4587 7964
-4012 -1430
-1423 -4412
3565 -8070
-1756 -798
4895 1160
3302 -1828
-6321 2993
-3624 1145
8803 8741
-8671 3139
3419 2069
-4809 -5195
1710 7850
-3455 8011
8387 2297
-8733 9470
-174 8128
-109 -801
-8899 1024
-378 -9318
4606 7550
8275 9627
3582 7749
-331 -8545
3737 5928
-6044 402
4501 4890
5965 -7851
5465 3113
-4202 7486
2516 -8397
7030 -8698
7053 -1076
-9778 9958
-8659 -5294
6582 -4898
-905 8300
143 -841
-2686 5025
-3518 8299
-3718 -8309
-3685 -9621
9474 2563
6095 -5440
-8163 7752
-5119 3003
-8991 -8597
-1359 2588
7257 2442
3375 -1226
8137 5821
-7445 -3863
8973 -7678
-6456 -6387
9166 6552
-9315 -9189
-5083 931
-9223 -8055
3083 5615
1394 -8078
7120 9286
-3599 4087
601 7588
-753 -4945
8568 6926
-8724 4891
8346 7531
340 6249
-9477 -2526
-1950 4174
8391 -8514
-9547 1308
-8717 3063
-4143 -9039
-8699 4557
9434 4883
3601 -1472
-6335 1051
-3984 6539
-9527 -4603
-2562 -130
1553 -8398
-8537 6639
-4279 7694
-6502 1438
6144 -7365
648 4184
-6389 -8325
-9130 -3477
5377 7206
3151 -3138
-5374 -7151
-1229 7797
-7705 -2751
9930 -8059
4532 7884
486 -7993
-2763 5356
7709 -6458
-8303 1313
-7566 -414
2887 -7243
-9404 4116
-3999 -6829
-5445 7404
-8199 -1240
-4655 4911
-6668 -8219
5113 -6379
9490 -8335
-9930 5312
5817 -5799
-1800 -8507
-2555 -8991
2512 9824
-9121 -6969
-9540 -1483
6727 -7514
3358 2382
-2481 2502
-8406 798
4614 854
4572 3988
-881 -5448
7765 2506
2778 -2661
5139 -370
4315 -3245
3855 -7096
-7435 -2353
-596 -2424
-2780 6429
-9332 -724
-3788 4076
-4411 5165
8418 -508
7295 -3614
-4125 -8997
3103 9614
-3572 -388
6063 3107
8454 -9996
3631 -403
-1931 -3621
3550 8167
-7415 522
-4343 -6985
9712 5646
-9432 1784
-9976 6436
3111 5331
4 8003
849 -5350
2839 -4203
-9008 5525
-6838 6860
6273 8624
2681 4234
-8223 9375
7619 -9699
-3512 2359
1402 -2575
6644 -220
-2636 -3150
-3202 -732
-8489 -7909
1497 -9151
-2446 -7237
-1697 -6566
2073 8417
-3720 -3236
279 7168
5626 2069
-2403 -2042
4658 -520
-4030 6998
-4789 -5821
76 -4374
-9019 6831
1835 2289
-2382 -1744
8455 6295
3435 -768
-2350 -2843
8952 -822
-8712 4562
8774 7607
9691 7694
-6209 2853
-4546 8166
-6810 8421
-7867 -2224
-5749 -3986
-703 -7108
-9373 1026
9199 7793
-6408 -4740
-6097 6084
1732 -602
7574 7025
691 -1245
4143 4557
5006 -8523
165 1232
1102 -2900
9025 7803
-9231 9713
3292 9084
-323 105
-4646 7220
2627 1019
4684 241
1252 8009
-6817 -7431
-9463 2509
3967 5365
-2928 369
8242 173
8865 -3710
-6799 -6605
-8852 -1283
6747 6529
-8057 5007
1355 8556
9879 -1046
4789 580
-320 -5004
949 5463
5058 4646
707 3115
1627 -6153
-9156 -5273
6508 3007
4831 5018
-808 -7373
-698 9624
-224 -3409
2322 9746
-6091 -9819
129 -751
2491 7715
-301 7376
-3759 7988
8631 4863
8720 384
1793 6211
1994 2687
9765 7222
8697 -6948
-7533 8997
6413 -94
-4002 398
2447 -1863
6234 324
-3088 4145
-8842 -1197
4786 -2175
5762 3419
-7343 -4195
-289 -7182
1953 7096
-1038 -133
3092 2645
4691 -3963
-9575 7726
8368 -4600
-1353 -6030
-6691 -9058
-7669 8673
-2783 -2897
3194 -6765
-5933 -6687
-7632 -5615
-4439 8845
-3057 -8784
-6606 -4179
2734 2500
2893 -1729
-8204 -9672
-818 694
-668 -3317
-8600 6719
-4910 7561
6179 7453
8988 -9438
7229 -6859
5862 3943
-2689 -9523
8471 2774
-7222 1452
-3207 7608
-662 -9140
776 -9942
-6918 2261
8235 738
8164 5170
6082 1683
-8540 7753
-3053 7725
-5137 7170
-7763 -8301
7075 5419
4066 1912
4619 6075
-9938 3490
9377 2898
1955 8872
-9568 2916
4999 -7347
4648 5123
-8359 -4939
-8865 8562
-3700 5776
8218 -8268
-7353 1862
-5688 -9845
748 -4917
-5107 2738
-8975 7457
8537 -6891
-3592 4329
5783 -4954
2811 -3590
4166 -9550
-830 -4845
-6155 -9123
3463 1189
-1109 8382
-8623 -9191
7270 903
-6383 4221
7867 -7529
5480 1051
2499 8354
5430 1641
1775 6532
7842 1471
-4013 -1882
9052 -3787
3357 3926
2066 5009
-599 -8496
-9117 3346
-3494 -1469
822 -4777
-4587 6761
8004 9317
2969 4232
-2904 -8038
692 9608
9340 -6392
4850 7180
2409 5632
-676 2254
-9374 -8391
-8129 21
-1941 2191
-8888 6906
-9288 -7296
-9314 -6637
7455 -2056
-2817 -8831
4285 -4940
5351 3073
-1294 -8928
-8518 -6734
-1742 -2373
1492 4856
-5305 -2010
-1330 -8696
9581 -8609
3886 3154
-8239 3079
2636 -8360
8443 8920
-3732 -5788
-1090 -5534
1 -8183
8345 -8384
9159 -9580
3929 917
-3218 3655
560 6966
3201 9902
-9966 3305
7219 -7893
-9925 9731
-4445 -996
-3294 -51
6418 7182
-4176 2471
7923 2141
-9015 4460
5200 8016
1361 -4369
4139 8472
6119 -4595
3727 7314
1797 4255
-891 6164
-7471 -9572
6193 346
7658 1512
980 5269
1164 9311
-105 -3064
3789 -7179
-602 -3344
3745 -2444
8021 -37
-731 -3921
-1776 -9748
-6624 4602
-9759 -623
-609 6167
-2153 -291
-607 2073
-4286 -900
-7824 -6588
-9030 7445
8932 3919
6173 -3751
-509 -9716
1601 6870
-9502 -4312
5560 2440
-9943 -2441
8251 -9643
-9735 1354
-9631 5662
-8580 3610
-5988 4918
-2474 -3438
4404 -2303
5029 6616
-7576 -4157
-1640 -4165
4057 4764
5309 5556
-1508 8848
5692 -9755
2985 -1214
5205 -5484
4906 4312
-8373 -7597
457 -7092
816 -3364
-4171 3089
-5613 415
4723 4702
-984 530
-882 -3954
1513 -2006
4962 7192
-1676 949
3228 -5474
6536 9904
-8503 4971
1349 -8254
-1243 7065
-9854 -269
-2786 -3821
-4068 -6752
-9657 8790
-1707 93
-2288 -287
-1017 9810
-3922 3274
-156 -4518
-1169 -7627
-1189 3557
8204 -9900
1763 -5396
8267 5908
300 3622
-6709 1650
4608 7444
4320 -5073
1280 3472
-964 4273
8977 -7492
-5211 -6159
-6748 -8378
4365 213
-981 4785
-5112 -6915
6474 5921
12 -9745
7170 -8771
-7509 -391
-7390 2781
8493 6365
3626 6067
7433 -3575
1497 -5728
3524 8402
8720 -5940
-8094 -6067
7797 5569
673 477
9561 -5757
2819 3357
-3742 6661
8047 -5645
8654 -8256
7711 4903
8818 -9761
-3926 -798
2943 -7586
7386 1355
1698 4909
6162 -4942
1903 -2511
5602 -6823
-2363 -9668
-6196 -7498
1662 6664
1611 -7695
8750 -7001
-5842 -1811
-3686 7657
-2807 -1007
5708 7182
260 2673
4866 -8022
-7005 -305
-5158 1535
-7385 -8102
4915 -6058
8555 -9931
-7699 2095
-1827 3066
4504 -9928
-9789 3670
-9097 5177
568 -534
-8825 -7545
7642 -6326
-7542 -586
899 1066
-6073 -7493
2945 4583
-8944 -5047
6045 -9332
4063 6104
-9405 2811
-7341 6765
5314 -4713
-2247 7879
-8973 4710
1429 -3314
5126 -2490
6374 7985
-9954 -5137
-6062 5848
-802 -4271
-4274 -7160
-7123 -5300
-561 9314
-4095 5162
9788 -8449
-4096 -5734
-2759 -4894
1663 5753
4167 -916
-7591 -1030
4779 -7626
-9539 -5620
-3170 2794
4489 1620
-8624 -4594
-367 -4648
-6964 -5167
5583 -4414
3553 1709
-4067 7840
2369 8506
3609 -2055
-8953 5326
-9241 -8777
-3048 -1016
4183 9822
-327 -4063
-9667 5414
6004 -9588
4764 5153
-4731 -3692
1721 -8172
-4939 6814
-9665 5075
-1245 -4578
1751 6573
4878 -1394
3548 426
9844 -6292
5896 -9056
246 6902
-1885 7433
-7633 8443
3347 720
-382 -2356
778 2093
7058 -2894
-3644 514
-5332 5430
4058 7768
-8379 -3753
-4184 -1638
5752 5850
-3246 5508
-6271 -14
6528 -9138
6277 -2751
-3929 9479
-9314 2480
9110 9417
5277 3126
2107 180
-1501 4059
1990 8126
8751 7258
783 -15
-4735 -1417
-3466 -7400
-7786 7210
4965 8014
-1112 448
2826 -8019
-1240 2949
2518 894
5192 -8054
2574 -9389
4443 2563
8931 -8969
5377 7009
4231 9864
-278 3479
-5998 -7394
4087 -9821
557 -8362
-7486 -5558
7978 -9533
9521 2889
